sudoku-stuff
381625974496187352527943861238796415614352798759814236943568127162479583875231649
875231649162479583943568127759814236614352798238796415527943861496187352381625974
527943861496187352381625974759814236614352798238796415875231649162479583943568127
739586421284193756156472938891624573673951284542738619325849167467315892918267345
527943861496187352381625974759814236614352798238796415875231649162479583943568127
527493861496817352381265974759184236614532798238976415875321649162749583943658127
527943861496187352381625974759814236614352798238796415875231649162479583943568127
527943861381625974496187352759814236614352798238796415875231649162479583943568127
739586241284193576156472398891624753673951824542738169325849617467315982918267435
739586241284193576156472398673951824891624753542738169325849617467315982918267435
793586241248193576165472398637951824819624753524738169352849617476315982981267435
981267435476315982352849617524738169819624753637951824165472398248193576793586241
981435267476982315352617849524169738819753624637824951165398472248576193793241586
981435267476982315352617849819753624524169738637824951165398472248576193793241586
981435267476982315352617849819753624524169738637824951793241586248576193165398472
981435267476982315352617849637824951524169738819753624793241586248576193165398472
981435267476982315352617849637824951524169738819753624793241586165398472248576193
981435762476982513352617948637824159524169837819753426793241685165398274248576391
981345762476892513352167948637284159524619837819573426793421685165938274248756391
981345762476892513352167948637284159524619837819573426165938274793421685248756391
981762345476513892352948167637159284524837619819426573165274938793685421248391756
476513892981762345352948167637159284524837619819426573165274938793685421248391756
476513892352948167981762345637159284524837619819426573165274938793685421248391756
298315674761849253543267189482951736916738425375624918839472561124586397657193842
657193842124586397839472561375624918916738425482951736543267189761849253298315674
657193842124586397839472561375624918482951736916738425543267189761849253298315674
375624918482951736916738425657193842124586397839472561543267189761849253298315674
375624918916738425482951736657193842124586397839472561543267189761849253298315674
573624918619738425284951736756193842421586397938472561345267189167849253892315674
573624918284951736619738425756193842421586397938472561345267189167849253892315674
375624918482951736916738425657193842124586397839472561543267189761849253298315674
375624918482951736916738425657193842124586397839472561298315674761849253543267189
375624819482951637916738524657193248124586793839472165298315476761849352543267981
657193248124586793839472165375624819482951637916738524298315476761849352543267981
657193284124586739839472156375624891482951673916738542298315467761849325543267918
375624891482951673916738542657193284124586739839472156298315467761849325543267918
375624891482951673916738542657193284124586739839472156761849325298315467543267918
624375891951482673738916542193657284586124739472839156849761325315298467267543918
624357891951428673738961542193675284586142739472893156849716325315289467267534918
642357891915428673783961542139675284568142739427893156894716325351289467276534918
642357891915428673783961542568142739139675284427893156894716325351289467276534918
642357891915428673783961542427893156139675284568142739894716325351289467276534918
427893156139675284568142739642357891915428673783961542894716325351289467276534918
724893156931675284865142739246357891519428673387961542498716325153289467672534918
427893156139675284568142739642357891915428673783961542894716325351289467276534918
427983156139765284568412739642537891915248673783691542894176325351829467276354918
415697832236418957798253416974526183861349725352781694127865349583974261649132578
415697832236418957798253416974526183861349725352781694649132578583974261127865349
238796514759814632614352897381625479527943168496187253875231946162479385943568721
832796514957814632416352897183625479725943168694187253578231946261479385349568721
832796415957814236416352798183625974725943861694187352578231649261479583349568127
739214865284567931156389724891735246673842519542196387918453672467928153325671498
568412937139765482427983651642537198915248376783691245276354819351829764894176523
865412937931765482724983651246537198519248376387691245672354819153829764498176523
412865937765931482983724651537246198248519376691387245354672819829153764176498523
479526381168349527253781496897253614632418759514697238946132875385974162721865943
253781496168349527479526381897253614632418759514697238946132875385974162721865943
253781946168349257479526831897253164632418579514697328946132785385974612721865493
168349257253781946479526831897253164632418579514697328946132785385974612721865493
257349168946781253831526479164253897579418632328697514785132946612974385493865721
831526479946781253257349168164253897579418632328697514785132946612974385493865721
831526479946781253257349168164253897579418632328697514785132946493865721612974385
831526479946781253257349168785132946493865721612974385164253897579418632328697514
526831479781946253349257168132785946865493721974612385253164897418579632697328514
526831479781946253349257168132785946865493721974612385253164897697328514418579632
526831479781946253349257168865493721132785946974612385253164897697328514418579632
418579632697328514253164897974612385132785946865493721349257168781946253526831479
418579632697328514253164897974612385132785946865493721349257168526831479781946253
418579236697328415253164798974612583132785649865493127349257861526831974781946352
418579236253164798697328415974612583132785649865493127349257861526831974781946352
418579236253164798697328415974612583132785649865493127349257861781946352526831974
236579418798164253415328697583612974649785132127493865861257349352946781974831526
263579418789164253451328697538612974694785132172493865816257349325946781947831526
538612974694785132172493865263579418789164253451328697816257349325946781947831526
538612974694785132172493865816257349325946781947831526263579418789164253451328697
538216974694587132172394865816752349325649781947138526263975418789461253451823697
538612974694785132172493865816257349325946781947831526263579418789164253451328697
612538974785694132493172865257816349946325781831947526579263418164789253328451697
612538974785694132493172865946325781257816349831947526579263418164789253328451697
946325781257816349831947526612538974785694132493172865579263418164789253328451697
964325781275816349813947526621538974758694132439172865597263418146789253382451697
781325964349816275526947813974538621132694758865172439418263597253789146697451382
781325964349816275526947813974538621865172439132694758418263597253789146697451382
964325781275816349813947526621538974439172865758694132597263418146789253382451697
597263418146789253382451697621538974439172865758694132964325781275816349813947526
597263418382451697146789253621538974439172865758694132964325781275816349813947526
597263418382451697146789253439172865621538974758694132964325781275816349813947526
814362795796154283352987641568271934479835126231496857187523469943618572625749318
795362814283154796641987352934271568126835479857496231469523187572618943318749625
795362814283154796641987352469523187572618943318749625934271568126835479857496231
726453918984671325531928467319567284658214739247389156873196542195842673462735891
319567284658214739247389156726453918984671325531928467873196542195842673462735891
319567284658214739247389156726453918984671325531928467873196542462735891195842673
319765284658412739247983156726354918984176325531829467873691542462537891195248673
319765284247983156658412739726354918984176325531829467873691542462537891195248673
312758964794621358685439712871964235439275186256813497523146879967382541148597623
312857964794126358685934712871469235439572186256318497523641879967283541148795623
321857964749126358658934712817469235493572186265318497532641879976283541184795623
658934712749126358321857964817469235493572186265318497532641879976283541184795623
217439856853621947469758123532964718681275394794813562978146235145382679326597481
217493856853612947469785123532946718681257394794831562978164235145328679326579481
195248376873691245462537198984176523726354819531829764658412937247983651319765482
195248376873691245462537198658412937247983651319765482984176523726354819531829764
195248376462537198873691245658412937247983651319765482984176523726354819531829764
658412937247983651319765482195248376462537198873691245984176523726354819531829764
937412658651983247482765319376248195198537462245691873523176984819354726764829531
937658412651247983482319765376195248198462537245873691523984176819726354764531829
523984176819726354764531829376195248198462537245873691937658412651247983482319765
532178946681934257794652831978325164145769328326841579217586493853497612469213785
532178946681934257794652831217586493853497612469213785978325164145769328326841579
532178946681934257794652831217586493853497612469213785326841579145769328978325164
532178964681934275794652813217586439853497621469213758326841597145769382978325146
523178964618934275749652813271586439835497621496213758362841597154769382987325146
627819354489523176135764829591376248264198537378245691742651983856937412913482765
627819354489523176135764829591376248264198537378245691913482765856937412742651983
591376248264198537378245691627819354489523176135764829913482765856937412742651983
591376284264198573378245619627819345489523167135764892913482756856937421742651938
591367284264189573378254619627891345489532167135746892913428756856973421742615938
591367482264189375378254916627891543489532761135746298913428657856973124742615839
591763482264981375378452916627198543489235761135647298913824657856379124742516839
591736482264918375378425916627189543489253761135674298913842657856397124742561839
951736482624918375738425916267189543849253761315674298193842657586397124472561839
951376482624198375738245916267819543849523761315764298193482657586937124472651839
624198375951376482738245916267819543849523761315764298193482657586937124472651839
267819543849523761315764298624198375951376482738245916193482657586937124472651839
267819543849523761315764298193482657586937124472651839624198375951376482738245916
283154697641987253795362418857496132126835974934271865572618349469523781318749526
697154283253987641418362795132496857974835126865271934349618572781523469526749318
796154283352987641814362795231496857479835126568271934943618572187523469625749318
796154283352987641814362795568271934479835126231496857943618572187523469625749318
814362795352987641796154283568271934479835126231496857943618572187523469625749318
184362795532987641976154283658271934749835126321496857493618572817523469265749318
284376951619245738573198624756482193421937586938651472345819267167523849892764315
265749318817523469493618572321496857749835126658271934976154283532987641184362795
813947562964325718275816394758694123621538947439172856382451679146789235597263481
813947562964325718275816394758694123439172856621538947382451679146789235597263481
318947562469325718572816394857694123934172856126538947283451679641789235795263481
947318562325469718816572394694857123172934856538126947451283679789641235263795481
749318562523469718618572394496857123271934856835126947154283679987641235362795481
562318749718469523394572618123857496856934271947126835679283154235641987481795362
679283154235641987481795362123857496856934271947126835562318749718469523394572618
679283451235641789481795263123857694856934172947126538562318947718469325394572816
394572816718469325562318947947126538856934172123857694481795263235641789679283451
193428756586973421472615938315746892849532167267891345951367284738254619624189573
624189573738254619951367284267891345849532167315746892472615938586973421193428756
267891345849532167315746892624189573738254619951367284472615938586973421193428756
267891354849532176315746829624189537738254691951367248472615983586973412193428765
267354891849176532315829746624537189738691254951248367472983615586412973193765428
267354891849176532315829746472983615586412973193765428624537189738691254951248367
267354819849176523315829764472983651586412937193765482624537198738691245951248376
267354819849176523315829764586412937472983651193765482624537198738691245951248376
315829764849176523267354819586412937472983651193765482624537198738691245951248376
513829764948176523762354819685412937274983651391765482426537198837691245159248376
426537198837691245159248376685412937274983651391765482513829764948176523762354819
426537918837691425159248736685412397274983561391765842513829674948176253762354189
762354189948176253513829674391765842274983561685412397159248736837691425426537918
159248736837691425426537918391765842274983561685412397762354189948176253513829674
159284736837619425426573918391756842274938561685421397762345189948167253513892674
159248736837691425426537918391765842274983561685412397762354189948176253513829674
519248736387691425246537918931765842724983561865412397672354189498176253153829674
519248736387691425246537918672354189498176253153829674931765842724983561865412397
712439856964758123358621947235964718186275394497813562541382679623597481879146235
793214568165389427248567139476928351352671894981453276819735642524196783637842915
532641978184795326976283145265318794493572681817469532749126853321857469658934217
978641532326795184145283976794318265681572493532469817853126749469857321217934658
641978532795326184283145976318794265572681493469532817126853749857469321934217658
641978532283145976795326184318794265572681493469532817126853749857469321934217658
981453726352671984476928531248567319165389247793214658637842195524196873819735462
981453726352671984476928531248567319793214658165389247637842195524196873819735462
352671984981453726476928531248567319793214658165389247637842195524196873819735462
352761984981543726476298531248657319793124658165839247637482195524916873819375462
984761352726543981531298476319657248658124793247839165195482637873916524462375819
531298476726543981984761352319657248658124793247839165195482637873916524462375819
531298674726543189984761253319657842658124397247839561195482736873916425462375918
462375918873916425195482736247839561658124397319657842984761253726543189531298674
375462918916873425482195736839247561124658397657319842761984253543726189298531674
735462918196873425842195736389247561214658397567319842671984253453726189928531674
735462198196873245842195376389247651214658937567319482671984523453726819928531764
735264198196378245842591376389742651214856937567913482671489523453627819928135764
928135764453627819671489523567913482214856937389742651842591376196378245735264198
453627819928135764671489523567913482214856937389742651842591376196378245735264198
453627891928135746671489532567913428214856973389742615842591367196378254735264189
567913428214856973389742615453627891928135746671489532842591367196378254735264189
389742615214856973567913428453627891928135746671489532842591367196378254735264189
453627891928135746671489532389742615214856973567913428842591367196378254735264189
354627891829135746176489532983742615412856973765913428248591367691378254537264189
176489532829135746354627891983742615412856973765913428248591367691378254537264189
176489523829135764354627819983742651412856937765913482248591376691378245537264198
176489532829135746354627891983742615412856973765913428248591367691378254537264189
176489235829135647354627198983742516412856379765913824248591763691378452537264981
176235489829647135354198627983516742412379856765824913248763591691452378537981264
671235489928647135453198627389516742214379856567824913842763591196452378735981264
671235489928647135453198627389516742214379856567824913735981264196452378842763591
671235498928647153453198672389516724214379865567824931735981246196452387842763519
671235489928647135453198627389516742214379856567824913735981264196452378842763591
671235489928647135453198627735981264196452378842763591389516742214379856567824913
617235489982647135435198627753981264169452378824763591398516742241379856576824913
617235489982647135435198627753981264824763591169452378398516742241379856576824913
398516742241379856576824913753981264824763591169452378617235489982647135435198627
247615893658973142319428675462189357195367428873254961984532716531746289726891534
247516893658379142319824675462981357195763428873452961984235716531647289726198534
247893516658142379319675824462357981195428763873961452984716235531289647726534198
319675824658142379247893516462357981195428763873961452984716235531289647726534198
319675824658142379247893516462357981195428763873961452726534198531289647984716235
362418759154697238987253614618349527749526381523781496835974162271865943496132875
263418759451697238789253614816349527947526381325781496538974162172865943694132875
247893516658142379319675824462357981195428763873961452726534198531289647984716235
247893516658142379319675824195428763462357981873961452726534198531289647984716235
247839516658124379319657824195482763462375981873916452726543198531298647984761235
247839516658124379319657824873916452462375981195482763726543198531298647984761235
516839247379124658824657319452916873981375462763482195198543726647298531235761984
516839247824657319379124658452916873981375462763482195198543726647298531235761984
261794385349685721578312946725439168694871253183256479957148632832967514416523897
261974385349865721578132946725349168694781253183526479957418632832697514416253897
261947385349856721578123946725394168694718253183562479957481632832679514416235897
416235897832679514957481632183562479694718253725394168578123946349856721261947385
416897235832514679957632481183479562694253718725168394578946123349721856261385947
416897253832514697957632418183479526694253781725168349578946132349721865261385974
416897253832514697957632418578946132349721865261385974183479526694253781725168349
416897253957632418832514697578946132349721865261385974183479526694253781725168349
253897416418632957697514832132946578865721349974385261526479183781253694349168725
253897461418632975697514823132946587865721394974385216526479138781253649349168752
697514823418632975253897461132946587865721394974385216526479138781253649349168752
697415823418236975253798461132649587865127394974583216526974138781352649349861752
328514796579632814164897352785946231493721568612385479831479625946253187257168943
351746892276891345894532167568973421139428756427615938783254619915367284642189573
351746892276891345894532167139428756568973421427615938783254619915367284642189573
276891345351746892894532167139428756568973421427615938783254619915367284642189573
783254619915367284642189573139428756568973421427615938276891345351746892894532167
254783619367915284189642573428139756973568421615427938891276345746351892532894167
254783619367915284189642573615427938973568421428139756891276345746351892532894167
254783691367915248189642537615427983973568412428139765891276354746351829532894176
254387691367519248189246537615724983973865412428931765891672354746153829532498176
245387691376519248198246537651724983937865412482931765819672354764153829523498176
245387691198246537376519248651724983937865412482931765819672354764153829523498176
196783542735642891842915673389427156214568739567139284453276918928351467671894325
389427156214568739567139284196783542735642891842915673453276918928351467671894325
156427389739568214284139567542783196891642735673915842918276453467351928325894671
183256749725439618694871523416523987957148362832967154578312496261794835349685271
183256749725439618694871523578312496261794835349685271416523987957148362832967154
183265749725493618694817523578321496261749835349658271416532987957184362832976154
183265749725493618694817523349658271261749835578321496416532987957184362832976154
265183749493725618817694523658349271749261835321578496532416987184957362976832154
562183749394725618718694523856349271947261835123578496235416987481957362679832154
235416987481957362679832154856349271947261835123578496562183749394725618718694523
481957362235416987679832154856349271947261835123578496562183749394725618718694523
481597362235146987679382154856439271947621835123758496562813749394275618718964523
481597632235146897679382514856439721947621385123758946562813479394275168718964253
735198624196245738842376951928764315671523849453819267214937586567482193389651472
236795184798641532415283976127934658583126749649857321974318265861572493352469817
236795184798641532415283976127934658583126749649857321861572493974318265352469817
236795184798641532415283976127934658583126749649857321861572493352469817974318265
236597184798146532415382976127439658583621749649758321861275493352964817974813265
236597148798146523415382967127439685583621794649758312861275439352964871974813256
619245738573198624284376951345819267167523849892764315421937586756482193938651472
421937586756482193938651472345819267167523849892764315619245738573198624284376951
421973586756428193938615472345891267167532849892746315619254738573189624284367951
421973586756428193938615472345891267892746315167532849619254738573189624284367951
756428193421973586938615472345891267892746315167532849619254738573189624284367951
765428193412973586983615472354891267829746315176532849691254738537189624248367951
749381652618527934523496178496875213271943586835162497154238769987614325362759841
765428193412973586983615472354891267829746315176532849691254738537189624248367951
765428193412973586983615472354891267829746315176532849248367951537189624691254738
765428193412973586983615472354891267829746315176532849537189624248367951691254738
675428193142973586893615472534891267289746315716532849357189624428367951961254738
675428913142973856893615742534891627289746135716532489357189264428367591961254378
675428913142973856893615742534891627289746135716532489961254378428367591357189264
893615742142973856675428913534891627289746135716532489961254378428367591357189264
893651742142937856675482913534819627289764135716523489961245378428376591357198264
675482913142937856893651742534819627289764135716523489961245378428376591357198264
142937856675482913893651742534819627289764135716523489961245378428376591357198264
142937856675482913893651742534819627289764135716523489961245378357198264428376591
439725861256183974871694352312578649794261583685349127523416798967832415148957236
439725861256183974871694352685349127794261583312578649523416798967832415148957236
439725861256183974871694352312578649794261583685349127523416798967832415148957236
439725861256183974871694352312578649794261583685349127148957236967832415523416798
439725861256183974871694352312578649794261583685349127148957236523416798967832415
428376159357198426961245837716523948289764513534819762893651274675482391142937685
428367159357189426961254837716532948289746513534891762893615274675428391142973685
514238769897614325632759841385162497721943586946875213253496178479381652168527934
514238769897614325632759841721943586385162497946875213253496178479381652168527934
514238769897614325632759841253496178479381652168527934721943586385162497946875213
514238769897614325632759841479381652253496178168527934721943586385162497946875213
769238514325614897841759632652381479178496253934527168586943721497162385213875946
796238514352614897814759632625381479187496253943527168568943721479162385231875946
796238514352614897814759632187496253625381479943527168568943721479162385231875946
769238514325614897841759632178496253652381479934527168586943721497162385213875946
238769514614325897759841632496178253381652479527934168943586721162497385875213946
238769154614325987759841362496178523381652749527934618943586271162497835875213496
328769154164325987579841362946178523831652749257934618493586271612497835785213496
946178523831652749257934618328769154164325987579841362493586271612497835785213496
982315467435267918617849325169738542753624891824951673576193284241586739398472156
982351467435276918617894325169783542753642891824915673576139284241568739398427156
982315467435267918617849325169738542753624891824951673576193284241586739398472156
169738542753624891824951673982315467435267918617849325576193284241586739398472156
169738542753624891824951673982315467435267918617849325576193284398472156241586739
169738542753624891824951673435267918982315467617849325576193284398472156241586739
435267918982315467617849325169738542753624891824951673576193284398472156241586739
982315467435267918617849325169738542753624891824951673576193284398472156241586739
982315764435267819617849523169738245753624198824951376576193482398472651241586937
169738245753624198824951376982315764435267819617849523576193482398472651241586937
169837245753426198824159376982513764435762819617948523576391482398274651241685937
169837245753426198824159376982513764617948523435762819576391482398274651241685937
712934685358126794964857312541283967879641523623795148186572439497318256235469871
964857312358126794712934685541283967879641523623795148186572439497318256235469871
169837542753426891824159673982513467617948325435762918576391284398274156241685739
178964532652813794934275681841597326325146978769382145586439217497621853213758469
871964532256813794439275681148597326523146978967382145685439217794621853312758469
148597326523146978967382145871964532256813794439275681685439217794621853312758469
148597326523146978967382145871964532256813794439275681685439217312758469794621853
597148326146523978382967145964871532813256794275439681439685217758312469621794853
513982476948617352762435981159824637426753819837169524391576248274398165685241793
948617352513982476762435981159824637426753819837169524391576248274398165685241793
948716352513289476762534981159428637426357819837961524391675248274893165685142793
957148326416523978832967145725439681183256794694871532349685217578312469261794853
975148326461523978823967145752439681138256794649871532394685217587312469216794853
823967145461523978975148326752439681138256794649871532394685217587312469216794853
283967145641523978795148326572439681318256794469871532934685217857312469126794853
641523978283967145795148326572439681318256794469871532934685217857312469126794853
397241658561398247842576319425169873918753462736824195674982531253617984189435726
397241658561398247842576319918753462425169873736824195674982531253617984189435726
397241658561398247842576319918753462425169873736824195189435726253617984674982531
397241658561398247842576319918753462736824195425169873189435726253617984674982531
397241658561398247842576319918753462425169873736824195189435726253617984674982531
658241397247398561319576842462753918873169425195824736726435189984617253531982674
462753918873169425195824736658241397247398561319576842726435189984617253531982674
195824736873169425462753918658241397247398561319576842726435189984617253531982674
591824736378169425264753918856241397742398561913576842627435189489617253135982674
591824637378169524264753819856241793742398165913576248627435981489617352135982476
591842637378196524264735819856214793742389165913567248627453981489671352135928476
951842637738196524624735819586214793472389165193567248267453981849671352315928476
951842637738196524624735819586214793472389165193567248849671352267453981315928476
159842637837196524426735819685214793274389165391567248948671352762453981513928476
612853947785469123493217856831794562257681394946532718328145679164978235579326481
513928476762453981948671352391567248274389165685214793426735819837196524159842637
513928476762453981948671352391567248685214793274389165426735819837196524159842637
184263975532789461976451823817325649493816752265947138658172394321694587749538216
749538216321694587658172394265947138493816752817325649976451823532789461184263975
749538216321694587658172394976451823532789461184263975265947138493816752817325649
749538216321694587658172394976451823532789461184263975493816752265947138817325649
794538216312694587685172394967451823523789461148263975439816752256947138871325649
794538216312694587685172394148263975523789461967451823439816752256947138871325649
794538216312694587685172394148263975523789461967451823871325649256947138439816752
497538216213694587586172394841263975325789461769451823178325649652947138934816752
497538216213694587586172394841263975325789461769451823178325649934816752652947138
497538216213694587586172394841263975325789461769451823178325649652947138934816752
425837169918426753736159824561274398397685241842391576253948617189762435674513982
612835794785496312493271685579362148164987523328154967946523871831749256257618439
612835794785496312493271685164987523579362148328154967946523871831749256257618439
612835974785496132493271865164987253579362418328154697946523781831749526257618349
621835974758496132439271865146987253597362418382154697964523781813749526275618349
621835947758496123439271856146987235597362481382154679964523718813749562275618394
621853947758469123439217856146978235597326481382145679964532718813794562275681394
126853947857469123934217856641978235795326481283145679469532718318794562572681394
857469123126853947934217856641978235795326481283145679469532718318794562572681394
819672435523498617764153982482931576651724398937865241198246753245387169376519824
819672435523498617764153982651724398482931576937865241198246753245387169376519824
672819435498523617153764982724651398931482576865937241246198753387245169519376824
672819435498523617153764982246198753387245169519376824724651398931482576865937241
534918276716325894289467351357891642961542783428673915893156427675284139142739568
534918276289467351716325894357891642961542783428673915893156427675284139142739568
534198276289647351716235894357981642961452783428763915893516427675824139142379568
534918276289467351716325894357891642961542783428673915893156427675284139142739568
276918534351467289894325716642891357783542961915673428427156893139284675568739142
276918534351467289894325716427156893139284675568739142642891357783542961915673428
276918534351467289894325716427156893139284675568739142783542961642891357915673428
915673428642891357783542961568739142139284675427156893894325716351467289276918534
915376428642198357783245961568937142139482675427651893894523716351764289276819534
915376482642198375783245916568937124139482657427651839894523761351764298276819543
519376482246198375387245916865937124931482657724651839498523761153764298672819543
519376482246198375387245916865937124724651839931482657498523761153764298672819543
519376284246198573387245619865937421724651938931482756498523167153764892672819345
519376284246198573387245619865937421724651938931482756498523167672819345153764892
519376284246198573387245619724651938865937421931482756498523167672819345153764892
519376284387245619246198573724651938865937421931482756498523167672819345153764892
519376482387245916246198375724651839865937124931482657498523761672819543153764298
519376482246198375387245916724651839865937124931482657498523761672819543153764298
519376482246198375387245916724651839865937124931482657672819543498523761153764298
915376482642198375783245916427651839568937124139482657276819543894523761351764298
276819543894523761351764298427651839568937124139482657915376482642198375783245916
652749813178523964934618275586271439497835621213496758325987146841362597769154382
619542387573891246284673519756284931421739865938156724892467153167325498345918672
619542783573891642284673915756284139421739568938156427892467351167325894345918276
619542783573891642284673915756284139421739568938156427345918276167325894892467351
619524783573819642284637915756248139421793568938165427345981276167352894892476351
813947256964325871275816439439172685758694312621538794382451967597263148146789523
813947256964325871275816439439172685621538794758694312382451967597263148146789523
831947256946325871257816439493172685612538794785694312328451967579263148164789523
831947256946325871257816439785694312612538794493172685328451967579263148164789523
831947256257816439946325871785694312612538794493172685328451967579263148164789523
831947256257816439946325871785694312493172685612538794328451967579263148164789523
831749256257618439946523871785496312493271685612835794328154967579362148164987523
946523871257618439831749256785496312493271685612835794328154967579362148164987523
946523178257618934831749652785496213493271586612835497328154769579362841164987325
946532178257681934831794652785469213493217586612853497328145769579326841164978325
532946178681257934794831652469785213217493586853612497145328769326579841978164325
469785213217493586853612497532946178681257934794831652145328769326579841978164325
532946178681257934794831652469785213217493586853612497145328769326579841978164325
567428139389615427214973568928746351453891276671532894196254783735189642842367915
139428567427615389568973214351746928276891453894532671783254196642189735915367842
967823541148975623523461879312587964685394712794216358871649235439752186256138497
967823541148975623523461879312587964685394712794216358871649235256138497439752186
976823541184975623532461879321587964658394712749216358817649235265138497493752186
976823541184975623532461879321587964658394712749216358817649235493752186265138497
321587964658394712749216358976823541184975623532461879817649235493752186265138497
749216358658394712321587964976823541184975623532461879817649235493752186265138497
749216358658394712321587964532461879184975623976823541817649235493752186265138497
853612947217493856469785123978164235326579481145328679532946718681257394794831562
217493856853612947469785123978164235326579481145328679532946718681257394794831562
217493856469785123853612947978164235326579481145328679532946718681257394794831562
658394712321587964749216358532461879184975623976823541817649235493752186265138497
568394712231587964479216358352461879814975623796823541187649235943752186625138497
568712394231964587479358216352879461814623975796541823187235649943186752625497138
479358216231964587568712394352879461814623975796541823187235649943186752625497138
479358216231964587568712394187235649943186752625497138352879461814623975796541823
612853974785469132493217865946532781257681349831794526164978253579326418328145697
612853974785469132493217865257681349946532781831794526164978253579326418328145697
216853974587469132394217865752681349649532781138794526461978253975326418823145697
216853794587469312394217685752681439649532871138794256461978523975326148823145967
261853794578469312349217685725681439694532871183794256416978523957326148832145967
349217685578469312261853794725681439694532871183794256416978523957326148832145967
783619425642573918915284736568421397427938561139756842276345189351892674894167253
276345189351892674894167253568421397427938561139756842783619425642573918915284736
238541769759623841614879325381497652496235178527186934162358497875964213943712586
238541769759623841614879325496235178381497652527186934162358497875964213943712586
238541769759623841614879325381497652496235178527186934162358497875964213943712586
943712586875964213162358497527186934496235178381497652614879325759623841238541769
943712586875964213162358497496235178527186934381497652614879325759623841238541769
943712586875964213162358497496235178381497652527186934614879325759623841238541769
943712586875964213162358497614879325759623841238541769496235178381497652527186934
943712685875964312162358794614879523759623148238541967496235871381497256527186439
943172685875694312162538794614789523759263148238451967496325871381947256527816439
172943685694875312538162794789614523263759148451238967325496871947381256816527439
712943685964875312358162794879614523623759148541238967235496871497381256186527439
964875312712943685358162794879614523623759148541238967235496871497381256186527439
964875213712943586358162497879614325623759841541238769235496178497381652186527934
186527934497381652235496178541238769623759841879614325358162497712943586964875213
934527186652381497178496235769238541841759623325614879497162358586943712213875964
178496235652381497934527186769238541841759623325614879497162358586943712213875964
178496325652381947934527816769238451841759263325614789497162538586943172213875694
178325496652947381934816527769451238841263759325789614497538162586172943213694875
532498716746153289891672534428931675973865142615724893367519428189246357254387961
532498761746153298891672543428931657973865124615724839367519482189246375254387916
532498761746153298891672543428931657973865124615724839367519482254387916189246375
532498761746153298891672543615724839973865124428931657367519482254387916189246375
189246375254387916367519482428931657973865124615724839891672543746153298532498761
189246375254387916367519482615724839973865124428931657891672543746153298532498761
189375246254916387367482519615839724973124865428657931891543672746298153532761498
198375246245916387376482519651839724937124865482657931819543672764298153523761498
578496321261835749349271658725618493694523817183749265416987532957362184832154976
578496321261835749349271658725618493694523817183749265416987532832154976957362184
578496321261835749349271658694523817725618493183749265416987532832154976957362184
578496321261835749349271658416987532832154976957362184694523817725618493183749265
183749265725618493694523817957362184832154976416987532349271658261835749578496321
381749265527618493496523817759362184238154976614987532943271658162835749875496321
381749265527618493496523817759362184614987532238154976943271658162835749875496321
381749265496523817527618493759362184614987532238154976943271658162835749875496321
381794265496532817527681493759326184614978532238145976943217658162853749875469321
381794265496532817527681493614978532759326184238145976943217658162853749875469321
381497265496235817527186493614879532759623184238541976943712658162358749875964321
527186493496235817381497265614879532759623184238541976943712658162358749875964321
381497265496235817527186493614879532759623184238541976943712658162358749875964321
183497265694235817725186493416879532957623184832541976349712658261358749578964321
265497183817235694493186725532879416184623957976541832658712349749358261321964578
265497183493186725817235694532879416184623957976541832658712349749358261321964578
625497183943186725187235694352879416814623957796541832568712349479358261231964578
625183497943725186187694235352416879814957623796832541568349712479261358231578964
245783196376915842198642735523894671764351928819276453937568214651427389482139567
245783196376915842198642735523894671764351928819276453482139567651427389937568214
245783196376915842198642735523894671764351928819276453482139567937568214651427389
783245196915376842642198735894523671351764928276819453139482567568937214427651389
783245196915376842642198735894523671351764928276819453427651389568937214139482567
154238697362759418987614253496875132835162974271943865523496781618527349749381526
154283697362795418987641253496857132835126974271934865523469781618572349749318526
154283697362795418987641253271934865835126974496857132523469781618572349749318526
145283697326795418978641253217934865853126974469857132532469781681572349794318526
154283697362795418987641253271934865835126974496857132523469781618572349749318526
154283697362795418987641253835126974271934865496857132523469781618572349749318526
154823697362975418987461253835216974271394865496587132523649781618752349749138526
145823697326975418978461253853216974217394865469587132532649781681752349794138526
145823967326975148978461523853216794217394685469587312532649871681752439794138256
415823967236975148798461523583216794127394685649587312352649871861752439974138256
974138256861752439352649871649587312127394685583216794798461523236975148415823967
794138256681752439532649871469587312217394685853216794978461523326975148145823967
794138265681752493532649817469587321217394658853216749978461532326975184145823976
794138265681752493532649817469587321853216749217394658978461532326975184145823976
794138562681752394532649718469587123853216947217394856978461235326975481145823679
562138794394752681718649532123587469947216853856394217235461978481975326679823145
679823145481975326235461978856394217947216853123587469718649532394752681562138794
679823145481975326235461978856394217123587469947216853718649532394752681562138794
679145823481326975235978461856217394123469587947853216718532649394681752562794138
679823145481975326235461978856394217123587469947216853718649532394752681562138794
481975326679823145235461978856394217123587469947216853718649532394752681562138794
856394217123587469947216853481975326679823145235461978718649532394752681562138794
123587469856394217947216853481975326679823145235461978718649532394752681562138794
856394217123587469947216853481975326679823145235461978718649532394752681562138794
394856217587123469216947853975481326823679145461235978649718532752394681138562794
412856397983742561765913842248591736691378425537264918829135674354627189176489253
248591736691378425537264918412856397983742561765913842829135674354627189176489253
248591637691378524537264819412856793983742165765913248829135476354627981176489352
176489352354627981829135476765913248983742165412856793537264819691378524248591637
176498352354672981829153476765931248983724165412865793537246819691387524248519637
176498352354672981829153476765931248983724165412865793691387524537246819248519637
138794652752681934649532178461978325975326841823145769394217586587469213216853497
652794138934681752178532649325978461841326975769145823586217394213469587497853216
652794138934681752178532649325978461841326975769145823213469587586217394497853216
691387254537246189248519367765931428983724615412865973176498532354672891829153746
619387254573246189284519367756931428938724615421865973167498532345672891892153746
691387254537246189248519367765931428983724615412865973176498532354672891829153746
176498532354672891829153746765931428983724615412865973691387254537246189248519367
176498532354672891829153746691387254537246189248519367765931428983724615412865973
176498532354672891829153746691387254537246189248519367412865973983724615765931428
176498523354672819829153764691387245537246198248519376412865937983724651765931482
716498523534672819289153764961387245357246198428519376142865937893724651675931482
716498523534672819289153764961387245357246198428519376893724651142865937675931482
325894617918276435467351982542783169891642753673915824156427398739568241284139576
325849617918267435467315982542738169891624753673951824156472398739586241284193576
325948617918762435467513982542837169891426753673159824156274398739685241284391576
325948617918762435467513982673159824891426753542837169156274398739685241284391576
325948167918762345467513892673159284891426573542837619156274938739685421284391756
325948167918762345467513892542837619891426573673159284156274938739685421284391756
948325167762918345513467892837542619426891573159673284274156938685739421391284756
948325167762918345513467892837542619426891573159673284685739421274156938391284756
948352167762981345513476892837524619426819573159637284685793421274165938391248756
326148579978523164145967328217685493469312785853794612794256831532871946681439257
326148579978523164145967328217685493469312785853794612532871946794256831681439257
326148579978523164145967328853794612469312785217685493532871946794256831681439257
326148579978523164145967328853794612469312785217685493794256831532871946681439257
326148579978523164145967328853794612217685493469312785794256831532871946681439257
657428193839615472124973586482367951375189624916254738298746315543891267761532849
428657193615839472973124586367482951189375624254916738746298315891543267532761849
428193657615472839973586124367951482189624375254738916746315298891267543532849761
428193756615472938973586421367951284189624573254738619746315892891267345532849167
428913756615742938973856421367591284189264573254378619746135892891627345532489167
913428756742615938856973421591367284264189573378254619135746892627891345489532167
657824319839516247124379658482763195375981462916452873298647531543198726761235984
913428756742615938856973421591367284264189573378254619135746892627891345489532167
657824319839516247124379658482763195375981462916452873298647531543198726761235984
839516247657824319124379658482763195375981462916452873298647531543198726761235984
389516247567824319214379658842763195735981462196452873928647531453198726671235984
389516247567824319214379658842763195735981462196452873671235984453198726928647531
671235984453198726928647531842763195735981462196452873389516247567824319214379658
671235894453198276928647351842763915735981642196452783389516427567824139214379568
671253894453189276928674351842736915735918642196425783389561427567842139214397568
176253894354189276829674351248736915537918642691425783983561427765842139412397568
176253894829674351354189276248736915537918642691425783983561427765842139412397568
176253894829674351354189276248736915691425783537918642983561427765842139412397568
176235894829647351354198276248763915691452783537981642983516427765824139412379568
167235894892647351345198276284763915619452783573981642938516427756824139421379568
167253894892674351345189276284736915619425783573918642938561427756842139421397568
897235614632481759514679238721856943946123875385947162168394527253718496479562381
897235614514679238632481759721856943946123875385947162168394527253718496479562381
987235614154679238362481759271856943496123875835947162618394527523718496749562381
756842319421397658938561247573918462619425873284736195345189726892674531167253984
421397658756842319938561247573918462619425873284736195345189726892674531167253984
421397658756842319938561247284736195619425873573918462345189726892674531167253984
421397658756842319938561247284736195619425873573918462892674531345189726167253984
138562974649718352752394861216947583587123649394856127975481236823679415461235798
138562974649718352752394861587123649216947583394856127975481236823679415461235798
138562974649718352752394861587123649394856127216947583975481236823679415461235798
138974562649352718752861394587649123394127856216583947975236481823415679461798235
138974562649352718752861394394127856587649123216583947975236481823415679461798235
138974562649352718752861394394127856216583947587649123975236481823415679461798235
138974562649352718752861394394127856216583947587649123461798235823415679975236481
138974562649352718752861394394127856216583947587649123461798235975236481823415679
823415679975236481461798235587649123216583947394127856752861394649352718138974562
823679415975481236461235798587123649216947583394856127752394861649718352138562974
461235798975481236823679415587123649216947583394856127752394861649718352138562974
461235978975481326823679145587123469216947853394856217752394681649718532138562794
461235978975481326823679145394856217216947853587123469752394681649718532138562794
823679145975481326461235978394856217216947853587123469752394681649718532138562794
679823145481975326235461978856394217947216853123587469394752681718649532562138794
679823145481975326235461978394752681718649532562138794856394217947216853123587469
679823415481975236235461798394752861718649352562138974856394127947216583123587649
679823415235461798481975236394752861718649352562138974856394127947216583123587649
679823451235461789481975263394752816718649325562138947856394172947216538123587694
679823415235461798481975236394752861718649352562138974856394127947216583123587649
697823415253461798418975236349752861781649352526138974865394127974216583132587649
697283415253641798418795236349572861781469352526318974865934127974126583132857649
937421685482756391651938274764892513523167948819345762245619837376284159198573426
937421685482756391651938274819345762523167948764892513245619837376284159198573426
946857231385126479721934568479318625253469187168572943632795814897641352514283796
385126479946857231721934568479318625253469187168572943632795814897641352514283796
385126479946857231721934568479318625253469187168572943514283796897641352632795814
583126479649857231127934568974318625352469187861572943415283796798641352236795814
974318625352469187861572943583126479649857231127934568415283796798641352236795814
479318625253469187168572943385126479946857231721934568514283796897641352632795814
514283796897641352632795814385126479946857231721934568479318625253469187168572943
514283796897641352632795814946857231385126479721934568479318625253469187168572943
514796283897352641632814795946231857385479126721568934479625318253187469168943572
514796283897352641632814795946231857721568934385479126479625318253187469168943572
415796283798352641236814795649231857127568934583479126974625318352187469861943572
415796283798352641236814795649231857127568934583479126974625318861943572352187469
389516274567824391214379685196452837842763159735981426453198762671235948928647513
839516274657824391124379685916452837482763159375981426543198762761235948298647513
472615938193428756586973421738254619951367284624189573267891345849532167315746892
193428756472615938586973421738254619951367284624189573267891345849532167315746892
193428756472615938586973421738254619951367284624189573267891345315746892849532167
725349186694781235183526497261974358349865712578132964957418623416253879832697541
275349186964781235813526497621974358439865712758132964597418623146253879382697541
349275186781964235526813497974621358865439712132758964418597623253146879697382541
681572943532469187794318625853126479217934568469857231326795814978641352145283796
794318625532469187681572943853126479217934568469857231326795814978641352145283796
794318526532469781681572349853126974217934865469857132326795418978641253145283697
794318526532469781681572349326795418978641253145283697853126974217934865469857132
681572349532469781794318526326795418978641253145283697853126974217934865469857132
681572349532469781794318526326795418145283697978641253853126974217934865469857132
681527349532496781794381526326759418145238697978614253853162974217943865469875132
681527349532496781794381526853162974217943865469875132326759418145238697978614253
681349527532781496794526381853974162217865943469132875326418759145697238978253614
794526381532781496681349527853974162217865943469132875326418759145697238978253614
756824319938516247421379658573981462284763195619452873345198726892647531167235984
421379658938516247756824319573981462284763195619452873345198726892647531167235984
421379658938516247756824319619452873284763195573981462345198726892647531167235984
938516247421379658756824319619452873284763195573981462345198726892647531167235984
938156247421739658756284319619542873284673195573891462345918726892467531167325984
421739658938156247756284319619542873284673195573891462345918726892467531167325984
421658739938247156756319284619873542284195673573462891345726918892531467167984325
658421739247938156319756284873619542195284673462573891726345918531892467984167325
658739421247156938319284756873542619195673284462891573726918345531467892984325167
319284756247156938658739421873542619195673284462891573726918345531467892984325167
913284756742156938856739421378542619591673284264891573627918345135467892489325167
913284756742156938856739421378542619264891573591673284627918345135467892489325167
284913756156742938739856421542378619891264573673591284918627345467135892325489167
284756913156938742739421856542619378891573264673284591918345627467892135325167489
349685712261794358578312964183256497694871235725439186416523879832967541957148623
349685721261794385578312946183256479694871253725439168416523897832967514957148632
349685721261794385578312946416523897832967514957148632183256479694871253725439168
183256479694871253725439168416523897832967514957148632349685721261794385578312946
183256479694871253725439168832967514416523897957148632349685721261794385578312946
183256497694871235725439186832967541416523879957148623349685712261794358578312964
183256497694871235725439186832967541416523879957148623349685712578312964261794358
253948761674513298189762543736159482918426375425837916397685124561274839842391657
261794358578312964349685712957148623416523879832967541725439186694871235183256497
349685712578312964261794358957148623416523879832967541725439186694871235183256497
943685712875312964162794358759148623614523879238967541527439186496871235381256497
685943712312875964794162358148759623523614879967238541439527186871496235256381497
685943712312875964794162358148759623523614879967238541256381497871496235439527186
685934712312857964794126358148795623523641879967283541256318497871469235439572186
685934721312857946794126385148795632523641897967283514256318479871469253439572168
794126385312857946685934721148795632523641897967283514256318479871469253439572168
794126385685934721312857946148795632523641897967283514256318479871469253439572168
763159284981426573452837619198762345235948167647513892379685421824391756516274938
763159284981426573452837619198762345235948167647513892379685421516274938824391756
763159284981426573452837619198762345235948167647513892516274938379685421824391756
763159284981426573452837619198762345235948167647513892379685421516274938824391756
763519284981246573452387619198672345235498167647153892379865421516724938824931756
981246573763519284452387619198672345235498167647153892379865421516724938824931756
981246573763519284452387619379865421516724938824931756198672345235498167647153892
981246573763519284452387619516724938379865421824931756198672345235498167647153892
516724938379865421824931756981246573763519284452387619198672345235498167647153892
615724938973865421428931756189246573367519284254387619891672345532498167746153892
615742938973856421428913756189264573367591284254378619891627345532489167746135892
165742938793856421248913756819264573637591284524378619981627345352489167476135892
165742938793856421248913756819264573524378619637591284981627345352489167476135892
561742938397856421842913756918264573425378619736591284189627345253489167674135892
561742938397856421842913756736591284425378619918264573189627345253489167674135892
561742938397856421842913756736591284918264573425378619189627345253489167674135892
839247165124658793657319248482195637375462819916873524543726981761984352298531476
839247165124658793657319248916873524375462819482195637543726981761984352298531476
389247165214658793567319248196873524735462819842195637453726981671984352928531476
567319248214658793389247165196873524735462819842195637453726981671984352928531476
621794538758312694439685172146523789382967451597148263813256947275439816964871325
621794538758312694439685172146523789382967451597148263964871325275439816813256947
621794538758312694439685172597148263382967451146523789964871325275439816813256947
621794538758312694439685172597148263382967451146523789813256947275439816964871325
621794583758312649439685127597148236382967415146523798813256974275439861964871352
621794583758312649439685127382967415597148236146523798813256974275439861964871352
621794385758312946439685721382967514597148632146523897813256479275439168964871253
382967514597148632146523897621794385758312946439685721813256479275439168964871253
382769514597841632146325897621497385758213946439586721813652479275934168964178253
382769514597841632146325897621497385439586721758213946813652479275934168964178253
283769514795841632641325897126497385934586721857213946318652479572934168469178253
283769541795841623641325879126497358934586712857213964318652497572934186469178235
823769541975841623461325879216497358394586712587213964138652497752934186649178235
138652497752934186649178235216497358394586712587213964823769541975841623461325879
138256497752439186649871235216794358394685712587312964823967541975148623461523879
138256497752439186649871235216794358394685712587312964975148623823967541461523879
497256138186439752235871649358794216712685394964312587623148975541967823879523461
186439752497256138235871649358794216712685394964312587623148975541967823879523461
186439752497256138235871649964312587712685394358794216623148975541967823879523461
186439752497256138235871649964312587358794216712685394623148975541967823879523461
186934752497652138235178649964213587358497216712586394623841975541769823879325461
934186752652497138178235649213964587497358216586712394841623975769541823325879461
943186752625497138187235649231964587479358216568712394814623975796541823352879461
187235649625497138943186752231964587479358216568712394814623975796541823352879461
187235649625497138943186752231964587479358216568712394352879461796541823814623975
187235649625497138943186752231964587479358216568712394796541823352879461814623975
187253649625479138943168752231946587479385216568721394796514823352897461814632975
513467289762918534948325716274156893391284675685739142426891357159673428837542961
187253649625479138943168752231946587479385216568721394796514823352897461814632975
814632975352897461796514823568721394479385216231946587943168752625479138187253649
814236975352798461796415823568127394479583216231649587943861752625974138187352649
814263975352789461796451823568172394479538216231694587943816752625947138187325649
418263975253789461697451823865172394974538216132694587349816752526947138781325649
418263795253789641697451283865172934974538126132694857349816572526947318781325469
418263975253789461697451823865172394974538216132694587349816752526947138781325649
418975263253461789697823451865394172974216538132587694349752816526138947781649325
426891357159673428837542961948325716762918534513467289274156893685739142391284675
523946187749831625618257943496785231835612479271493568154328796987164352362579814
946523187831749625257618943785496231612835479493271568328154796164987352579362814
946523817831749265257618493785496321612835749493271658328154976164987532579362184
946325817831947265257816493785694321612538749493172658328451976164789532579263184
946523817831749265257618493785496321612835749493271658328154976164987532579362184
982764315435819267617523849576482193241937586398651472824376951169245738753198624
982764315617523849435819267576482193241937586398651472824376951169245738753198624
964523817813749265275618493758496321621835749439271658382154976146987532597362184
946523817831749265257618493785496321612835749493271658328154976164987532579362184
785496321612835749493271658946523817831749265257618493328154976164987532579362184
785469321612853749493217658946532817831794265257681493328145976164978532579326184
785469231612853479493217568946532187831794625257681943328145796164978352579326814
469785231853612479217493568532946187794831625681257943145328796978164352326579814
469785231853612479217493568532946187794831625681257943978164352145328796326579814
469785213853612497217493586532946178794831652681257934978164325145328769326579841
469785213853612497217493586532946178794831652681257934145328769978164325326579841
853612497469785213217493586532946178794831652681257934145328769978164325326579841
835612497496785213271493586523946178749831652618257934154328769987164325362579841
835621497496758213271439586523964178749813652618275934154382769987146325362597841
835621497496758213271439586523964178749813652618275934362597841987146325154382769
154382769987146325362597841618275934749813652523964178271439586496758213835621497
154382769362597841987146325618275934749813652523964178271439586496758213835621497
154382796362597814987146352618275943749813625523964187271439568496758231835621479
154328796362579814987164352618257943749831625523946187271493568496785231835612479
154328796987164352362579814618257943749831625523946187271493568496785231835612479
154328796987164352362579814271493568496785231835612479618257943749831625523946187
271493568496785231835612479154328796987164352362579814618257943749831625523946187
172493568694785231538612479451328796789164352263579814816257943947831625325946187
493172568785694231612538479328451796164789352579263814257816943831947625946325187
493172568785694231612538479328451796579263814164789352257816943831947625946325187
982153674435672189617498253398724561241865397576931842169387425824519736753246918
169387425824519736753246918398724561241865397576931842982153674435672189617498253
169387452824519763753246981398724516241865379576931824982153647435672198617498235
452387169763519824981246753516724398379865241824931576647153982198672435235498617
452783169763915824981642753516427398379568241824139576647351982198276435235894617
763915824452783169981642753516427398379568241824139576647351982198276435235894617
367915824254783169189642753615427398973568241428139576746351982891276435532894617
367915428254783961189642357615427893973568142428139675746351289891276534532894716
367915248254783691189642537615427983973568412428139765746351829891276354532894176
367915284254783619189642573615427938973568421428139756746351892891276345532894167
367915284254783619189642573615427938973568421428139756746351892532894167891276345
367951284254738619189624573615472938973586421428193756746315892532849167891267345
637951284524738619819624573165472938793586421248193756476315892352849167981267345
476315892352849167981267345165472938793586421248193756637951284524738619819624573
476513892352948167981762345165274938793685421248391756637159284524837619819426573
476892513352167948981345762165938274793421685248756391637284159524619837819573426
165938274793421685248756391476892513352167948981345762637284159524619837819573426
165983274793412685248765391476829513352176948981354762637248159524691837819537426
274983165685412793391765248513829476948176352762354981159248637837691524426537819
947126835123857496856934271718469523394572618562318749679283154235641987481795362
426537819837691524159248637762354981948176352513829476391765248685412793274983165
391765248685412793274983165762354981948176352513829476426537819837691524159248637
391675248685142793274893165762534981948716352513289476426357819837961524159428637
159428637837961524426357819513289476948716352762534981274893165685142793391675248
159428637837961524426357819274893165685142793391675248513289476948716352762534981
159428637837961524426357819685142793274893165391675248513289476948716352762534981
159428736837961425426357918685142397274893561391675842513289674948716253762534189
159428736837961425426357918685142397274893561391675842513289674762534189948716253
837961425159428736426357918685142397274893561391675842513289674762534189948716253
975326418461978253823145697752681349138794526649532781216853974587469132394217865
975326418461978253823145697752681349138794526649532781394217865587469132216853974
975326418461978253823145697138794526752681349649532781394217865587469132216853974
579326418164978253328145697831794526257681349946532781493217865785469132612853974
579326148164978523328145967831794256257681439946532871493217685785469312612853794
493217685785469312612853794831794256257681439946532871579326148164978523328145967
943217685875469312162853794381794256527681439496532871759326148614978523238145967
238145967614978523759326148496532871527681439381794256162853794875469312943217685
496532871527681439381794256238145967614978523759326148162853794875469312943217685
496532871527681439381794256238145967614978523759326148943217685875469312162853794
238145967614978523759326148496532871527681439381794256943217685875469312162853794
238145967614978523759326148943217685875469312162853794496532871527681439381794256
967145238523978614148326759685217943312469875794853162871532496439681527256794381
967541238523879614148623759685712943312964875794358162871235496439186527256497381
967145238523978614148326759685217943312469875794853162871532496439681527256794381
967145238523978614148326759312469875685217943794853162871532496439681527256794381
951367842624189735738254196193428567472615389586973214267891453315746928849532671
951367842624189735738254196193428567472615389586973214267891453849532671315746928
842367951735189624196254738567428193389615472214973586453891267671532849928746315
842376951735198624196245738567482193389651472214937586453819267671523849928764315
597623841146879325382541769439712586621358497758964213813497652275186934964235178
623597841879146325541382769712439586358621497964758213497813652186275934235964178
214937586389651472567482193928764315671523849453819267196245738735198624842376951
241937586398651472576482193982764315617523849435819267169245738753198624824376951
241937586398651472576482193982764315617523849435819267169245738824376951753198624
241937586398651472576482193982764315617523849435819267824376951169245738753198624
481795326235641978679283145856934217947126853123857469394572681562318794718469532
481795326235641978679283145856934217123857469947126853394572681562318794718469532
718469532562318794394572681947126853123857469856934217679283145235641978481795326
235964817497813265186275493358621749964758321712439658541382976879146532623597184
235964817497813265186275493358621749964758321712439658541382976623597184879146532
241397568398561427576842139982674351617253894435189276824736915169425783753918642
241397586398561472576842193982674315617253849435189267824736951169425738753918624
241397568398561427576842139982674351617253894435189276824736915169425783753918642
241379568398516427576824139982647351617235894435198276824763915169452783753981642
241379568398516427576824139982647351617235894435198276169452783824763915753981642
241379568398516427576824139169452783824763915753981642982647351617235894435198276
169452783824763915753981642241379568398516427576824139982647351617235894435198276
469532781318794526572681349126853974934217865857469132283145697795326418641978253
672891534498532716153746289931428675724615893865973142246189357519367428387254961
672891534498532716153746289246189357519367428387254961931428675724615893865973142
235187964497625813186943275358479621712568439964231758541796382623814597879352146
235187694497625183186943725358479261712568349964231578541796832623814957879352416
186943725497625183235187694358479261712568349964231578541796832623814957879352416
527349681381526794496781532162974853943865217875132469238697145759418326614253978
238697145759418326614253978162974853943865217875132469527349681381526794496781532
238697541759418623614253879162974358943865712875132964527349186381526497496781235
276198534351647289894235716642981357915763428783452961568379142427516893139824675
145796832326814957978352416853479261217568349469231578681943725794625183532187694
145796832326814957978352416853479261217568349469231578532187694794625183681943725
415796832236814957798352416583479261127568349649231578352187694974625183861943725
415796832236814957798352416583479261127568349649231578861943725974625183352187694
451796832263814957789352416538479261172568349694231578816943725947625183325187694
451796823263814975789352461538479216172568394694231587816943752947625138325187649
451823796263975814789461352538216479172394568694587231816752943947138625325649187
451832796263957814789416352538261479172349568694578231816725943947183625325694187
325694187947183625816725943694578231172349568538261479789416352263957814451832796
325964187947813625816275943694758231172439568538621479789146352263597814451382796
325469187947318625816572943694857231172934568538126479789641352263795814451283796
187469325625318947943572816231857694568934172479126538352641789814795263796283451
817469325265318947493572816321857694658934172749126538532641789184795263976283451
817964325265813947493275816321758694658439172749621538532146789184597263976382451
817964325265813947493275816321758694658439172749621538532146789976382451184597263
817964325265813947493275816321758694658439172749621538184597263976382451532146789
718964325562813947394275816123758694856439172947621538481597263679382451235146789
523469817749318265618572493496857321271934658835126749362795184154283976987641532
532469817794318265681572493469857321217934658853126749326795184145283976978641532
532649817794138265681752493469587321217394658853216749326975184145823976978461532
532649718794138562681752394469587123217394856853216947326975481145823679978461235
235649718497138562186752394964587123712394856358216947623975481541823679879461235
235649718497138562186752394712394856964587123358216947623975481541823679879461235
856397142742561893913842675489253716627189534135674289264918357378425961591736428
856397124742561839913842657489253761627189543135674298264918375378425916591736482
264918375378425916591736482489253761627189543135674298856397124742561839913842657
264918375378425916591736482489253761627189543135674298742561839856397124913842657
264918375378425916591736482489253761627189543135674298856397124742561839913842657
264918375378425916591736482135674298627189543489253761856397124742561839913842657
918264375425378916736591482674135298189627543253489761397856124561742839842913657
264918375378425916591736482135674298627189543489253761856397124742561839913842657
264918375378425916591736482489253761627189543135674298856397124742561839913842657
918264375425378916736591482253489761189627543674135298397856124561742839842913657
947216358123587964856394712235461879679823541481975623394752186718649235562138497
947612358123785964856493712235164879679328541481579623394257186718946235562831497
856493712123785964947612358235164879679328541481579623394257186718946235562831497
856493712123785964947612358235164879481579623679328541394257186718946235562831497
856394712123587964947216358235461879481975623679823541394752186718649235562138497
712394856964587123358216947879461235623975481541823679186752394235649718497138562
284915736619783425573642918892351674345276189167894253756139842938427561421568397
284915736619783425573642918892351674167894253345276189756139842938427561421568397
284915736619783425573642918892351674167894253345276189756139842421568397938427561
284915736573642918619783425892351674167894253345276189756139842421568397938427561
892351674167894253345276189284915736573642918619783425756139842421568397938427561
892351674167894253345276189284915736573642918619783425938427561421568397756139842
892531674167984253345726189284195736573462918619873425938247561421658397756319842
271586934496213857835497126987325641154769283362841795618934572523178469749652318
271586934496213857835497126987325641362841795154769283618934572523178469749652318
756139842421568397938427561619783425573642918284915736345276189167894253892351674
756842139421397568938561427619425783573918642284736915345189276167253894892674351
657842139124397568839561427916425783375918642482736915543189276761253894298674351
657139842124568397839427561916783425375642918482915736543276189761894253298351674
657139842839427561124568397916783425375642918482915736543276189761894253298351674
657139842839427561124568397916783425482915736375642918543276189761894253298351674
657139842839427561124568397916783425482915736375642918298351674761894253543276189
248931756165724938793865421524387619637519284819246573476153892352498167981672345
217568439469231758853479621978352146326814597145796382794625813532187964681943275
217568439469231758853479621145796382326814597978352146794625813532187964681943275
217568934469231857853479126145796283326814795978352641794625318532187469681943572
217568934469231857853479126326814795145796283978352641794625318532187469681943572
934568217857231469126479853795814326283796145641352978318625794469187532572943681
934568217857231469126479853641352978283796145795814326318625794469187532572943681
934568217857231469126479853795814326283796145641352978318625794469187532572943681
934568217857231469126479853795814326283796145641352978572943681469187532318625794
934568217857231469126479853795814326283796145641352978572943681318625794469187532
795814326283796145641352978934568217857231469126479853572943681318625794469187532
795814326283796145641352978934568217857231469126479853318625794572943681469187532
469187532572943681318625794126479853857231469934568217641352978283796145795814326
469532187572681943318794625126853479857469231934217568641978352283145796795326814
795326814283145796641978352934217568857469231126853479318794625572681943469532187
597326814382145796146978352439217568758469231621853479813794625275681943964532187
957326814832145796416978352349217568578469231261853479183794625725681943694532187
957326841832145769416978325349217586578469213261853497183794652725681934694532178
416978325832145769957326841349217586578469213261853497183794652725681934694532178
523879614967541238148623759685712943312964875794358162256497381439186527871235496
523879614967541238148623759685712943794358162312964875256497381439186527871235496
256497381439186527871235496685712943794358162312964875523879614967541238148623759
256497381439186527871235496312964875794358162685712943523879614967541238148623759
256497381439186527871235496523879614967541238148623759312964875794358162685712943
652497381934186527178235496325879614769541238841623759213964875497358162586712943
652497381934186527178235496325879614841623759769541238213964875497358162586712943
691387245537246198248519376412865937983724651765931482354672819829153764176498523
691387425537246918248519736412865397983724561765931842354672189829153674176498253
691387425537246918248519736354672189829153674176498253412865397983724561765931842
691387425537246918248519736176498253829153674354672189412865397983724561765931842
691387425248519736537246918176498253829153674354672189412865397983724561765931842
691387245248519376537246198176498523829153764354672819412865937983724651765931482
691387245248519376537246198176498523829153764354672819983724651412865937765931482
691387245248519376537246198176498523829153764354672819765931482412865937983724651
245387691376519248198246537523498176764153829819672354482931765937865412651724983
231578496479261835568349271352416987814957362796832154625183749943725618187694523
694875132538162974172943865789614253263759418451238697947381526816527349325496781
325496781816527349947381526451238697263759418789614253172943865538162974694875132
325694781816725349947183526451832697263957418789416253172349865538261974694578132
451832697263957418789416253325694781816725349947183526172349865538261974694578132
451238697263759418789614253325496781816527349947381526172943865538162974694875132
451238967263759148789614523325496871816527439947381256172943685538162794694875312
451238967789614523263759148325496871816527439947381256172943685538162794694875312
325496871816527439947381256451238967789614523263759148172943685538162794694875312
947381256816527439325496871451238967789614523263759148172943685538162794694875312
947831256816257439325946871451328967789164523263579148172493685538612794694785312
947831256816257439325946871789164523451328967263579148172493685538612794694785312
947831256816257439325946871451328967789164523263579148172493685538612794694785312
652138749934752618178649523769823154325461987841975362586394271497216835213587496
652831749934257618178946523769328154325164987841579362586493271497612835213785496
213785496497612835586493271841579362325164987769328154178946523934257618652831749
496785213835612497271493586362579841987164325154328769523946178618257934749831652
496587213835216497271394586362975841987461325154823769523649178618752934749138652
496587123835216947271394856362975481987461235154823679523649718618752394749138562
248951673691738542537624891829315467354267918176849325983472156412586739765193284
428951673961738542357624891289315467534267918716849325893472156142586739675193284
357624891961738542428951673289315467534267918716849325893472156142586739675193284
394257816562831947718946325679328451235164789481579263856493172947612538123785694
394257816562831947718946325235164789679328451481579263856493172947612538123785694
394257816718946325562831947235164789679328451481579263856493172947612538123785694
123785694947612538856493172481579263679328451235164789562831947718946325394257816
198462573245873619376195284764531892819726345523984167651247938937658421482319756
198264573245378619376591284764135892819627345523489167651742938937856421482913756
198264573245378619376591284764135892819627345523489167651742938482913756937856421
264198573378245619591376284135764892627819345489523167742651938913482756856937421
264198573591376284378245619135764892627819345489523167742651938913482756856937421
264573198591284376378619245135892764627345819489167523742938651913756482856421937
897461352514823796632975814479138625253649187168752943946587231385216479721394568
897461352514823796632975814168752943253649187479138625946587231385216479721394568
168752943253649187479138625897461352514823796632975814946587231385216479721394568
752168943649253187138479625461897352823514796975632814587946231216385479394721568
752168943649253187138479625587946231216385479394721568461897352823514796975632814
984325167726918345531467892658739421319284756247156938873542619195673284462891573
984167325726345918531892467658421739319756284247938156873619542195284673462573891
984167325726345918531892467658421739319756284247938156195284673873619542462573891
984167325726345918531892467319756284658421739247938156195284673873619542462573891
531892467726345918984167325319756284658421739247938156195284673873619542462573891
123694587947538216856172394394816752718325649562947138235789461679451823481263975
481263975679451823235789461562947138718325649394816752856172394947538216123694587
481263579679451328235789164562947831718325946394816257856172493947538612123694785
481263597679451382235789146562947813718325964394816275856172439947538621123694758
481263597679451382235789146562947813718325964394816275947538621856172439123694758
481263597679451382235789146562947813718325964394816275856172439947538621123694758
481263597679451382235789146562947813718325964394816275123694758947538621856172439
481263597679451382235789146718325964562947813394816275123694758947538621856172439
481263597679451382235789146123694758947538621856172439718325964562947813394816275
481263597679451382235789146123694758947538621856172439718325964394816275562947813
481236597679415382235798146123649758947583621856127439718352964394861275562974813
184236597976415382532798146321649758749583621658127439817352964493861275265974813
184263597976451382532789146321694758749538621658172439817325964493816275265947813
814263597796451382352789146231694758479538621568172439187325964943816275625947813
231694758479538621568172439814263597796451382352789146187325964943816275625947813
814263597796451382352789146231694758479538621568172439187325964943816275625947813
354918627176325489829467135765284913412739856983156742537891264248673591691542378
354918726176325984829467531765284319412739658983156247537891462248673195691542873
318749526572618349469523781934271865126835974857496132795362418283154697641987253
318749526572618349469523781795362418283154697641987253934271865126835974857496132
318749526469523781572618349795362418283154697641987253934271865126835974857496132
318749256469523871572618439795362148283154967641987523934271685126835794857496312
795362148283154967641987523318749256469523871572618439934271685126835794857496312
795362148283154967641987523934271685126835794857496312318749256469523871572618439
841263597769451382325789146586172439497538621213694758652947813178325964934816275
841263597769451382325789146586172439213694758497538621652947813178325964934816275
841623597769541382325879146586712439213964758497358621652497813178235964934186275
841623597769541382325879146497358621213964758586712439652497813178235964934186275
841597623769382541325146879497621358213758964586439712652813497178964235934275186
841597623769382541325146879497621358213758964586439712652813497934275186178964235
652813497934275186178964235497621358213758964586439712841597623769382541325146879
652813497934275186178964235497621358213758964586439712841597623325146879769382541
794318256681572439532469871853126794469857312217934685326795148978641523145283967
853126794469857312217934685794318256681572439532469871326795148978641523145283967
794126853312857469685934217256318794439572681871469532148795326523641978967283145
967283145523641978148795326871469532439572681256318794685934217312857469794126853
145283967978641523326795148532469871681572439794318256217934685469857312853126794
145283697978641253326795418532469781681572349794318526217934865469857132853126974
217934865469857132853126974532469781681572349794318526145283697978641253326795418
391765842274983561685412397762354189948176253513829674426537918159248736837691425
765391842983274561412685397354762189176948253829513674537426918248159736691837425
756391842938274561421685397345762189167948253892513674573426918284159736619837425
576391842398274561241685397435762189617948253982513674753426918824159736169837425
169837425824159736753426918982513674617948253435762189241685397398274561576391842
169425837824736159753918426982674513617253948435189762241397685398561274576842391
837425169159736824426918753513674982948253617762189435685397241274561398391842576
326795418978641253145283697853126974469857132217934865532469781794318526681572349
326795814978641352145283796853126479469857231217934568532469187794318625681572943
623795814879641352541283796358126479964857231712934568235469187497318625186572943
623975814879461352541823796358216479964587231712394568235649187497138625186752943
418579326253164978697328145974612853132785469865493217781946532526831794349257681
418759326253614978697238145974162853132875469865943217781496532526381794349527681
418759326253614978697238145974162853132875469865943217526381794781496532349527681
418326759253978614697145238974853162132469875865217943526794381781532496349681527
418623759253879614697541238974358162132964875865712943526497381781235496349186527
957326814416978352832145796261853479578469231349217568183794625694532187725681943
418623759253879614697541238974358162132964875865712943526497381781235496349186527
418623759253879614697541238526497381781235496349186527974358162132964875865712943
253879614418623759697541238526497381781235496349186527974358162132964875865712943
253879614418623759697541238526497381781235496349186527974358162865712943132964875
253789614418263759697451238526947381781325496349816527974538162865172943132694875
253789641418263795697451283526947318781325469349816572974538126865172934132694857
253789641418263795697451283974538126865172934132694857526947318781325469349816572
