37790463332002339752192
37790463332002336735248
37790461236337203741760
37790461223143064208640
37790461165968459565120
37790461152774320032000
37790461152774317015056
37790461152772169531424
21251225669417018852416
21250937475874502742080
21250793327688226440208
21250793327686078956576
21250793325502058726464
20070636265298133909520
20070634100911373553728
20070634087717234020608
20070348036571249512704
20070348034921982197792
20070345870537369325632
20070345857343229792512
20070203921383173783568
20070201742155154063376
20070201742153006579744
20070201720164925310016
20070201706970785776896
19480338273525270183952
19480338238340901897472
19480050044798385787136
19480050043149118472224
19479905929610310058000
19479905909806249018384
19479905909804101534752
19479905894425941771520
11806492703677728426048
11806204580503956492352
11806204474950841012288
11806060361948936013840
11806060361946788530208
11806060359762768300096
10625901205540827304000
10625901192346687770880
10625901099987711823936
10625901086793572290816
10625612975166823075904
10625612961972683542784
10625612869613707595840
10625612856419568062720
10625468846784607813648
10625468846782460330016
10625468754425634883648
10625468741231495350528
10625468741231492333584
10625468741229344849952
10035605378154723934224
10035605272601611471104
10035605272601608454160
10035317149427839537408
10035317147778572222496
10035317043874724057344
10035317042225456742432
10035173034239763808272
10035172944066958592016
10035172944064811108384
10035172928686651345152
10035172928686648328208
7084128437406642735120
7084126326361199477824
7084126255992455301184
7083840207030491023392
7083838027265567887424
7083696093491682609168
7083693984632407065616
7083693984630259581984
7083693982446239351872
7083693914263662888976
7083693914261515405344
7083693912077495175232
5903536816689202071808
5903536816689199054864
5903534652302438699072
5903534639108299165952
5903248587962314658048
5903248586313047343136
5903246421928434470976
5903246408734294937856
5903104472774241945856
5903104472774238928912
5903102377109105935424
5903102363914966402304
5903102306740361758784
5903102293546222225664
5903102293546219208720
5903102293544071725088
5313238895285082522880
5313238824916338346240
5313238824916335329296
5312950596189450932480
5312950594540183617568
5312806566750429643792
5312806566748282160160
5312806551370122396928
5312806496381685467152
5312806496379537983520
5312806481001378220288
5312806481001375203344
