151157234878344201241728
151157234878344197636112
151157234877933893779464
151157234877932820037648
151157234877865174564872
151157234877864104428672
151157234877864100823056
151157233197740674547720
151157233193342628069384
151157233189099065868296
151157233189090475966472
151157233189030346653704
151157233189021756751880
151157232916265697837072
151157232911867654964352
151157232911867651358736
151157232907624089157648
151157232907615499255824
151157232907555369943056
151157232907546783646848
151157232907546780041232
151157232705161478307848
151157232705160404566032
151157232700763431829512
151157232700762358087696
151157232696930173485072
151157232696921583583248
151157232669977106481160
151157232669976032739344
151157232665579060002824
151157232665577989866624
151157232665577986261008
151157232661745801658384
151157232661737215362176
151157232661737211756560
151154929035335050462224
151154929035334987547904
151154929035334984007696
151154929034924680151048
151154929034923606409232
151154929034856027390984
151154929034855960936456
151154929034854953649168
151154929034854890734848
151154929034854887194640
151154927363527553875976
151154927350333480895496
151154927350333414440968
151154927346081262338056
151154927346012609577992
151154927346012543123464
151154927082052577165328
151154927068858504184848
151154927068858441270528
151154927068858437730320
151154927064606285627408
151154927064537632867344
151154927064537569953024
151154927064537566412816
151154926870948357636104
151154926870947283894288
151154926857754218201096
151154926857753144459280
151154926853912369954832
151154926835763985809416
151154926835762912067600
151154926822569912828936
151154926822569846374408
151154926822568839087120
151154926822568776172800
151154926822568772632592
151154926818728064582672
151154926818728001668352
151154926818727998128144
151153774442022947061768
151153774433226920559624
151153774433226854105096
151153774424585245425672
151153774424516592665608
151153774424516526211080
151153774160547973956736
151153774160547970351120
151153774151751943848976
151153774151751880934656
151153774151751877394448
151153774143110268715024
151153774143041615954960
151153774143041553040640
151153774143041549500432
151153773949443750821896
151153773949442677080080
151153773940647657865224
151153773940646584123408
151153773932416353042448
151153773914259378995208
151153773914258308859008
151153773914258305253392
151153773905463352493064
151153773905463286038536
151153773905462278751248
151153773905462215836928
151153773905462212296720
151153773897232047670288
151153773897231984755968
151153773897231981215760
151138788134270491754500
151138788134270491691136
151138788134270488608784
151138788133791465537544
151138788133790394941444
151138788133790394878080
151138788133790391795728
151138786453666965520392
151138786449268919042056
151138786444956637626376
151138786444948047724552
151138786172191991955460
151138786172191988809744
151138786167793945477124
151138786167793945413760
151138786167793942331408
151138786163481664061444
151138786163481660915728
151138786163473074159620
151138786163473074096256
151138786163473071013904
151138786031456512933896
151138786031455439192080
151138786027058466455560
151138786027057392713744
151138786023225208111120
151138786023216618209296
151138785925903397453832
151138785925902326857732
151138785925902323712016
151138785921505350975496
151138785921504280379396
151138785921504280316032
151138785921504277233680
151138785917672095776772
151138785917672092631056
151138785917663505874948
151138785917663505811584
151138785917663502729232
151136482291261340911632
151136482291261278126084
151136482291261277997312
151136482291261274980368
151136482290782317840392
151136482290782251909128
151136482290781244098576
151136482290781181313028
151136482290781181184256
151136482290781178167312
151136480619453844848648
151136480606259771344904
151136480606259705413640
151136480601938900027400
151136480601938834096136
151136480337978871283716
151136480337978868138000
151136480324784794634256
151136480324784731848708
151136480324784731719936
151136480324784728702992
151136480320463923316752
151136480320463860531204
151136480320463860402432
151136480320463857385488
151136480197243392262152
151136480197242318520336
151136480184049252827144
151136480184048179085328
151136480180207404580880
151136480091690276782088
151136480091689206185988
151136480091689203040272
151136480078496203278344
151136480078496137347080
151136480078495129536528
151136480078495066750980
151136480078495066622208
151136480078495063605264
151136480074654355032080
151136480074654292246532
151136480074654292117760
151136480074654289100816
151135327697949238034440
151135327689153211009032
151135327689153145077768
151135327680442883115016
151135327680442817183752
151135327416474264469508
151135327416474264406144
151135327416474261323792
151135327407678234298384
151135327407678171512836
151135327407678171384064
151135327407678168367120
151135327398967906404368
151135327398967843618820
151135327398967843490048
151135327398967840473104
151135327275738785447944
151135327275737711706128
151135327266942692491272
151135327266941618749456
151135327258711387668496
151135327170185669967880
151135327170184599371780
151135327170184599308416
151135327170184596226064
151135327161389642942472
151135327161389577011208
151135327161388569200656
151135327161388506415108
151135327161388506286336
151135327161388503269392
151135327153158338119696
151135327153158275334148
151135327153158275205376
151135327153158272188432
151129564761823330238472
151129564761822259642372
151129564761822259579008
151129564761822256496656
151129563072988502327304
151129563072979912425480
151129562791513528762372
151129562791513525616656
151129562791504938860548
151129562791504938797184
151129562791504935714832
151129562659419658420232
151129562659418584678416
151129562655021611941896
151129562655020541805696
151129562655020538200080
151129562651188353597456
151129562651179767301248
151129562651179763695632
151129562589050914766856
151129562589049844170756
151129562589049841025040
151129562584652868288520
151129562584651797692420
151129562584651797629056
151129562584651794546704
151129562580819613089796
151129562580819609944080
151129562580811023187972
151129562580811023124608
151129562580811020042256
151127258918814182541320
151127258918814116610056
151127258918813108799504
151127258918813046013956
151127258918813045885184
151127258918813042868240
151127257229970764728328
151127257229970698797064
151127256948495788017680
151127256948495725232132
151127256948495725103360
151127256948495722086416
151127256825206537748488
151127256825205464006672
151127256812012464768008
151127256812012398313480
151127256812011391026192
151127256812011328111872
151127256812011324571664
151127256808170616521744
151127256808170553607424
151127256808170550067216
151127256754837794095112
151127256754836723499012
151127256754836720353296
151127256741643720591368
151127256741643654660104
151127256741642646849552
151127256741642584064004
151127256741642583935232
151127256741642580918288
151127256737801872345104
151127256737801809559556
151127256737801809430784
151127256737801806413840
151126104308474747815944
151126104308474681884680
151126104026999771105296
151126104026999708319748
151126104026999708190976
151126104026999705174032
151126103903701930934280
151126103903700860798080
151126103903700857192464
151126103894905904432136
151126103894905837977608
151126103894904830690320
151126103894904767776000
151126103894904764235792
151126103886674599609360
151126103886674536695040
151126103886674533154832
151126103833333187280904
151126103833332116684804
151126103833332116621440
151126103833332113539088
151126103824537160255496
151126103824537094324232
151126103824536086513680
151126103824536023728132
151126103824536023599360
151126103824536020582416
151126103816305855432720
151126103816305792647172
151126103816305792518400
151126103816305789501456
75599371152429882016896
75599371152429874216992
75599371152429874167936
75599371152021717843976
75599371152018496618528
75599371152018496569472
75599371151952998629384
75599371151949785203840
75599371151949777403936
75599371151949777354880
75599369190351374417952
75599369185953335739520
75599369185953327939616
75599369185953327890560
75599369181709765738528
75599369181701175836704
75599369181701175787648
75599369181641046523936
75599369181632464422016
75599369181632456622112
75599369181632456573056
75599368979249302372360
75599368979246081146912
75599368974851255894024
75599368974848034668576
75599368974848034619520
75599368971015850065952
75599368971007260164128
75599368971007260115072
75599368944064930545672
75599368944061709320224
75599368939666884067336
75599368939663670641792
75599368939663662841888
75599368939663662792832
75599368935831478239264
75599368935822896137344
75599368935822888337440
75599368935822888288384
75597065309420727043104
75597065309420668323072
75597065309420660588576
75597065309420660474112
75597065309012504215560
75597065309009282990112
75597065309009282875648
75597065308943851455496
75597065308943785000968
75597065308940630230048
75597065308940571510016
75597065308940563775520
75597065308940563661056
75597063356138253746208
75597063342944180765728
75597063342944122045696
75597063342944114311200
75597063342944114196736
75597063338691962208288
75597063338691962093824
75597063338623309448224
75597063338623250728192
75597063338623242993696
75597063338623242879232
75597063145036181700616
75597063145032960475168
75597063131842042265608
75597063131838821040160
75597063131838820925696
75597063127998046535712
75597063127998046421248
75597063109851809873928
75597063109848588648480
75597063096657736893448
75597063096657670438920
75597063096654515668000
75597063096654456947968
75597063096654449213472
75597063096654449099008
75597063092813741163552
75597063092813682443520
75597063092813674709024
75597063092813674594560
75595910434633654731904
75595910434633646932000
75595910434633646882944
75595910425837620429856
75595910425837561709824
75595910425837553975328
75595910425837553860864
75595910417195945295904
75595910417195945181440
75595910417127292535840
75595910417127233815808
75595910417127226081312
75595910417127225966848
75595910223531574886408
75595910223528353660960
75595910223528353611904
75595910214735481929736
75595910214732260704288
75595910214732260589824
75595910206502029623328
75595910206502029508864
75595910188347203059720
75595910188343989634176
75595910188343981834272
75595910188343981785216
75595910179551176557576
75595910179551110103048
75595910179547955332128
75595910179547896612096
75595910179547888877600
75595910179547888763136
75595910171317724251168
75595910171317665531136
75595910171317657796640
75595910171317657682176
75580924408356172529668
75580924408356172466304
75580924408356165189664
75580924408356165140608
75580924407879289602056
75580924407876075716612
75580924407876075653248
75580924407876068376608
75580924407876068327552
75580922446277672730628
75580922446277665390624
75580922441879626252292
75580922441879626188928
75580922441879618912288
75580922441879618863232
75580922437567344836612
75580922437567337496608
75580922437558754934788
75580922437558754871424
75580922437558747594784
75580922437558747545728
75580922305544336998408
75580922305541115772960
75580922301146290520072
75580922301143069294624
75580922301143069245568
75580922297310884692000
75580922297302294790176
75580922297302294741120
75580922199991221518344
75580922199988007632900
75580922199988000292896
75580922195593175040008
75580922195589961154564
75580922195589961091200
75580922195589953814560
75580922195589953765504
75580922191757776551940
75580922191757769211936
75580922191749186650116
75580922191749186586752
75580922191749179310112
75580922191749179261056
75578618565347017506820
75578618565347017492512
75578618565346958901252
75578618565346958772480
75578618565346951561248
75578618565346951446784
75578618564870141904904
75578618564870075973640
75578618564866920693764
75578618564866920679456
75578618564866862088196
75578618564866861959424
75578618564866854748192
75578618564866854633728
75578616612064552058884
75578616612064544718880
75578616598870471229444
75578616598870471215136
75578616598870412623876
75578616598870412495104
75578616598870405283872
75578616598870405169408
75578616594549599911940
75578616594549599897632
75578616594549541306372
75578616594549541177600
75578616594549533966368
75578616594549533851904
75578616471331216326664
75578616471327995101216
75578616458137076891656
75578616458133855666208
75578616458133855551744
75578616454293081161760
75578616454293081047296
75578616365778100846600
75578616365774886961156
75578616365774879621152
75578616352584027342856
75578616352583961411592
75578616352580806131716
75578616352580806117408
75578616352580747526148
75578616352580747397376
75578616352580740186144
75578616352580740071680
75578616348740031627268
75578616348740031612960
75578616348739973021700
75578616348739972892928
75578616348739965681696
75578616348739965567232
75577463690559945244676
75577463690559945181312
75577463690559937904672
75577463690559937855616
75577463681763910893572
75577463681763910879264
75577463681763852288004
75577463681763852159232
75577463681763844948000
75577463681763844833536
75577463673053582999556
75577463673053582985248
75577463673053524393988
75577463673053524265216
75577463673053517053984
75577463673053516939520
75577463549826609512456
75577463549823388287008
75577463549823388237952
75577463541030516555784
75577463541027295330336
75577463541027295215872
75577463532797064249376
75577463532797064134912
75577463444273494032392
75577463444270280146948
75577463444270280083584
75577463444270272806944
75577463444270272757888
75577463435477467006984
75577463435477401075720
75577463435474245795844
75577463435474245781536
75577463435474187190276
75577463435474187061504
75577463435474179850272
75577463435474179735808
75577463427244014714884
75577463427244014700576
75577463427243956109316
75577463427243955980544
75577463427243948769312
75577463427243948654848
75571701035911154302984
75571701035907940417540
75571701035907940354176
75571701035907933077536
75571701035907933028480
75571699065599209537540
75571699065599202197536
75571699065590619635716
75571699065590619572352
75571699065590612295712
75571699065590612246656
75571698933507482484744
75571698933504261259296
75571698929109436006408
75571698929106222580864
75571698929106214780960
75571698929106214731904
75571698925274030178336
75571698925265448076416
75571698925265440276512
75571698925265440227456
75571698863138738831368
75571698863135524945924
75571698863135517605920
75571698858740692353032
75571698858737478467588
75571698858737478404224
75571698858737471127584
75571698858737471078528
75571698854905293864964
75571698854905286524960
75571698854896703963140
75571698854896703899776
75571698854896696623136
75571698854896696574080
75569395192902006605832
75569395192901940674568
75569395192898785394692
75569395192898785380384
75569395192898726789124
75569395192898726660352
75569395192898719449120
75569395192898719334656
75569393222581464612868
75569393222581464598560
75569393222581406007300
75569393222581405878528
75569393222581398667296
75569393222581398552832
75569393099294361813000
75569393099291140587552
75569393086100288832520
75569393086100222377992
75569393086097067607072
75569393086097008887040
75569393086097001152544
75569393086097001038080
75569393082256293102624
75569393082256234382592
75569393082256226648096
75569393082256226533632
75569393028925618159624
75569393028922404274180
75569393028922396934176
75569393015731544655880
75569393015731478724616
75569393015728323444740
75569393015728323430432
75569393015728264839172
75569393015728264710400
75569393015728257499168
75569393015728257384704
75569393011887548940292
75569393011887548925984
75569393011887490334724
75569393011887490205952
75569393011887482994720
75569393011887482880256
75568240301085447700484
75568240301085447686176
75568240301085389094916
75568240301085388966144
75568240301085381754912
75568240301085381640448
75568240177789754998792
75568240177786541573248
75568240177786533773344
75568240177786533724288
75568240168993728496648
75568240168993662042120
75568240168990507271200
75568240168990448551168
75568240168990440816672
75568240168990440702208
75568240160760276190240
75568240160760217470208
75568240160760209735712
75568240160760209621248
75568240107421011345416
75568240107417797459972
75568240107417797396608
75568240107417790119968
75568240107417790070912
75568240098624984320008
75568240098624918388744
75568240098621763108868
75568240098621763094560
75568240098621704503300
75568240098621704374528
75568240098621697163296
75568240098621697048832
75568240090391532027908
75568240090391532013600
75568240090391473422340
75568240090391473293568
75568240090391466082336
75568240090391465967872
37820439289064556134416
37820439289062408650784
37820439289062408601728
37820439288995840525440
37820439288995836919824
37820439288993697236096
37820439288993689436192
37820439288993689387136
37820437608869189419040
37820437604471150740608
37820437604471142940704
37820437604471142891648
37820437600227580739616
37820437600218990837792
37820437600218990788736
37820437600158861525024
37820437600150279423104
37820437600150271623200
37820437600150271574144
37820437116292140662800
37820437116289993179168
37820437111894094184464
37820437111891946700832
37820437111891946651776
37820437081107768836112
37820437081105621352480
37820437076709725963392
37820437076709722357776
37820437076707582674048
37820437076707574874144
37820437076707574825088
37818133446055342506000
37818133446053195022368
37818133446053194907904
37818133445986689745936
37818133445986626831616
37818133445986623291408
37818133445984542262304
37818133445984483542272
37818133445984475807776
37818133445984475693312
37818131774656068747296
37818131761461995766816
37818131761461937046784
37818131761461929312288
37818131761461929197824
37818131757209777209376
37818131757209777094912
37818131757141124449312
37818131757141065729280
37818131757141057994784
37818131757141057880320
37818131282079019991056
37818131282076872507424
37818131268884880556048
37818131268882733072416
37818131268882732957952
37818131246894648164368
37818131246892500680736
37818131233700575183888
37818131233700512269568
37818131233700508729360
37818131233698427700256
37818131233698368980224
37818131233698361245728
37818131233698361131264
37816978853151469732992
37816978853151461933088
37816978853151461884032
37816978844355435430944
37816978844355376710912
37816978844355368976416
37816978844355368861952
37816978835713760296992
37816978835713760182528
37816978835645107536928
37816978835645048816896
37816978835645041082400
37816978835645040967936
37816978360574413176848
37816978360572265693216
37816978360572265644160
37816978351778320220176
37816978351776172736544
37816978351776172622080
37816978325390044955776
37816978325390041350160
37816978325387901666432
37816978325387893866528
37816978325387893817472
37816978316594014848016
37816978316593951933696
37816978316593948393488
37816978316591867364384
37816978316591808644352
37816978316591800909856
37816978316591800795392
37801992544922131038212
37801992544922130974848
37801992544922127892496
37801992544919987748868
37801992544919987685504
37801992544919980408864
37801992544919980359808
37801990864795487731716
37801990864795480391712
37801990860397441253380
37801990860397441190016
37801990860397433913376
37801990860397433864320
37801990856085159837700
37801990856085152497696
37801990856076569935876
37801990856076569872512
37801990856076562595872
37801990856076562546816
37801990442587175288848
37801990442585027805216
37801990438189128810512
37801990438186981326880
37801990438186981277824
37801990337034062954500
37801990337034059808784
37801990337031919665156
37801990337031912325152
37801990332636016476164
37801990332636016412800
37801990332636013330448
37801990332633873186820
37801990332633873123456
37801990332633865846816
37801990332633865797760
37799686701912980195344
37799686701912917409796
37799686701912917281024
37799686701912914264080
37799686701910832726020
37799686701910832711712
37799686701910774120452
37799686701910773991680
37799686701910766780448
37799686701910766665984
37799685030582367059972
37799685030582359719968
37799685017388286230532
37799685017388286216224
37799685017388227624964
37799685017388227496192
37799685017388220284960
37799685017388220170496
37799685013067414913028
37799685013067414898720
37799685013067356307460
37799685013067356178688
37799685013067348967456
37799685013067348852992
37799684608374054617104
37799684608371907133472
37799684595179915182096
37799684595177767698464
37799684595177767584000
37799684502820942282756
37799684502820939137040
37799684502818798993412
37799684502818791653408
37799684489626865633296
37799684489626802847748
37799684489626802718976
37799684489626799702032
37799684489624718163972
37799684489624718149664
37799684489624659558404
37799684489624659429632
37799684489624652218400
37799684489624652103936
37798532109077760245764
37798532109077760182400
37798532109077752905760
37798532109077752856704
37798532100281725894660
37798532100281725880352
37798532100281667289092
37798532100281667160320
37798532100281659949088
37798532100281659834624
37798532091571398000644
37798532091571397986336
37798532091571339395076
37798532091571339266304
37798532091571332055072
37798532091571331940608
37798531686869447802896
37798531686867300319264
37798531686867300270208
37798531678073354846224
37798531678071207362592
37798531678071207248128
37798531581316335468548
37798531581316335405184
37798531581316332322832
37798531581314192179204
37798531581314192115840
37798531581314184839200
37798531581314184790144
37798531572520305297424
37798531572520242511876
37798531572520242383104
37798531572520239366160
37798531572518157828100
37798531572518157813792
37798531572518099222532
37798531572518099093760
37798531572518091882528
37798531572518091768064
37792769172953995739140
37792769172953995675776
37792769172953992593424
37792769172951852449796
37792769172951852386432
37792769172951845109792
37792769172951845060736
37792767484117024538628
37792767484117017198624
37792767484108434636804
37792767484108434573440
37792767484108427296800
37792767484108427247744
37792767070550320775184
37792767070548173291552
37792767066152277902464
37792767066152274296848
37792767066150134613120
37792767066150126813216
37792767066150126764160
37792767000181580267524
37792767000181577121808
37792767000179436978180
37792767000179429638176
37792766995783533789188
37792766995783533725824
37792766995783530643472
37792766995781390499844
37792766995781390436480
37792766995781383159840
37792766995781383110784
37790463329944844896272
37790463329944782110724
37790463329944781981952
37790463329944778965008
37790463329942697426948
37790463329942697412640
37790463329942638821380
37790463329942638692608
37790463329942631481376
37790463329942631366912
37790461641099279613956
37790461641099279599648
37790461641099221008388
37790461641099220879616
37790461641099213668384
37790461641099213553920
37790461236337200103440
37790461236335052619808
37790461223143127122960
37790461223143064208640
37790461223143060668432
37790461223140979639328
37790461223140920919296
37790461223140913184800
37790461223140913070336
37790461165968459595780
37790461165968456450064
37790461165966316306436
37790461165966308966432
37790461152774382946320
37790461152774320160772
37790461152774320032000
37790461152774317015056
37790461152772235476996
37790461152772235462688
37790461152772176871428
37790461152772176742656
37790461152772169531424
37790461152772169416960
37789308719603262701572
37789308719603262687264
37789308719603204096004
37789308719603203967232
37789308719603196756000
37789308719603196641536
37789308314832596894848
37789308314832593289232
37789308314830453605504
37789308314830445805600
37789308314830445756544
37789308306036566787088
37789308306036503872768
37789308306036500332560
37789308306034419303456
37789308306034360583424
37789308306034352848928
37789308306034352734464
37789308244463852781572
37789308244463852718208
37789308244463849635856
37789308244461709492228
37789308244461709428864
37789308244461702152224
37789308244461702103168
37789308235667822610448
37789308235667759824900
37789308235667759696128
37789308235667756679184
37789308235665675141124
37789308235665675126816
37789308235665616535556
37789308235665616406784
37789308235665609195552
37789308235665609081088
21251227886015414797440
21251227886015411191824
21251227885605107335176
21251227885604033593360
21251227885536388120584
21251227885535317984384
21251227885535314378768
21251226205411888103432
21251226201013841625096
21251226196770279424008
21251226196761689522184
21251226196701560209416
21251226196692970307592
21251225923936911392784
21251225919538868520064
21251225919538864914448
21251225915295302713360
21251225915286712811536
21251225915226583498768
21251225915217997202560
21251225915217993596944
21251225712832691863560
21251225712831618121744
21251225708434645385224
21251225708433571643408
21251225704601387040784
21251225704592797138960
21251225677648320036872
21251225677647246295056
21251225673250273558536
21251225673249203422336
21251225673249199816720
21251225669417015214096
21251225669408428917888
21251225669408425312272
21250939655639267280000
21250939655639259480096
21250939655639259431040
21250939655231103107080
21250939655227881881632
21250939655227881832576
21250939655162383892488
21250939655159170466944
21250939655159162667040
21250939655159162617984
21250937693560759681056
21250937689162721002624
21250937689162713202720
21250937689162713153664
21250937684919151001632
21250937684910561099808
21250937684910561050752
21250937684850431787040
21250937684841849685120
21250937684841841885216
21250937684841841836160
21250937482458687635464
21250937482455466410016
21250937478060641157128
21250937478057419931680
21250937478057419882624
21250937474225235329056
21250937474216645427232
21250937474216645378176
21250937447274315808776
21250937447271094583328
21250937442876269330440
21250937442873055904896
21250937442873048104992
21250937442873048055936
21250937439040863502368
21250937439032281400448
21250937439032273600544
21250937439032273551488
21250795540043027251216
21250795540040879767584
21250795540040879718528
21250795539974311642240
21250795539974308036624
21250795539972168352896
21250795539972160552992
21250795539972160503936
21250793859847660535840
21250793855449621857408
21250793855449614057504
21250793855449614008448
21250793851206051856416
21250793851197461954592
21250793851197461905536
21250793851137332641824
21250793851128750539904
21250793851128742740000
21250793851128742690944
21250793367270611779600
21250793367268464295968
21250793362872565301264
21250793362870417817632
21250793362870417768576
21250793332086239952912
21250793332084092469280
21250793327688197080192
21250793327688193474576
21250793327686053790848
21250793327686045990944
21250793327686045941888
20070636265298066408464
20070636265298003494144
20070636265297999953936
20070636264887696097288
20070636264886622355472
20070636264819043337224
20070636264818976882696
20070636264817969595408
20070636264817906681088
20070636264817903140880
20070634593490569822216
20070634580296496841736
20070634580296430387208
20070634576044278284296
20070634575975625524232
20070634575975559069704
20070634312015593111568
20070634298821520131088
20070634298821457216768
20070634298821453676560
20070634294569301573648
20070634294500648813584
20070634294500585899264
20070634294500582359056
20070634100911373582344
20070634100910299840528
20070634087717234147336
20070634087716160405520
20070634083875385901072
20070634065727001755656
20070634065725928013840
20070634052532928775176
20070634052532862320648
20070634052531855033360
20070634052531792119040
20070634052531788578832
20070634048691080528912
20070634048691017614592
20070634048691014074384
20070348034921914696736
20070348034921855976704
20070348034921848242208
20070348034921848127744
20070348034513691869192
20070348034510470643744
20070348034510470529280
20070348034445039109128
20070348034444972654600
20070348034441817883680
20070348034441759163648
20070348034441751429152
20070348034441751314688
20070346081639441399840
20070346068445368419360
20070346068445309699328
20070346068445301964832
20070346068445301850368
20070346064193149861920
20070346064193149747456
20070346064124497101856
20070346064124438381824
20070346064124430647328
20070346064124430532864
20070345870537369354248
20070345870534148128800
20070345857343229919240
20070345857340008693792
20070345857340008579328
20070345853499234189344
20070345853499234074880
20070345835352997527560
20070345835349776302112
20070345822158924547080
20070345822158858092552
20070345822155703321632
20070345822155644601600
20070345822155636867104
20070345822155636752640
20070345818314928817184
20070345818314870097152
20070345818314862362656
20070345818314862248192
20070203919325616013328
20070203919323468529696
20070203919323468415232
20070203919256963253264
20070203919256900338944
20070203919256896798736
20070203919254815769632
20070203919254757049600
20070203919254749315104
20070203919254749200640
20070202247926342254624
20070202234732269274144
20070202234732210554112
20070202234732202819616
20070202234732202705152
20070202230480050716704
20070202230480050602240
20070202230411397956640
20070202230411339236608
20070202230411331502112
20070202230411331387648
20070201755349293498384
20070201755347146014752
20070201742155154063376
20070201742153006579744
20070201742153006465280
20070201720164921671696
20070201720162774188064
20070201706970848691216
20070201706970785776896
20070201706970782236688
20070201706968701207584
20070201706968642487552
20070201706968634753056
20070201706968634638592
19480338783131864203272
19480338774335837701128
19480338774335771246600
19480338765694162567176
19480338765625509807112
19480338765625443352584
19480338501656891098240
19480338501656887492624
19480338492860860990480
19480338492860798076160
19480338492860794535952
19480338484219185856528
19480338484150533096464
19480338484150470182144
19480338484150466641936
19480338290552667963400
19480338290551594221584
19480338281756575006728
19480338281755501264912
19480338273525270183952
19480338255368296136712
19480338255367226000512
19480338255367222394896
19480338246572269634568
19480338246572203180040
19480338246571195892752
19480338246571132978432
19480338246571129438224
19480338238340964811792
19480338238340901897472
19480338238340898357264
19480050271280743580800
19480050271280735780896
19480050271280735731840
19480050262484709278752
19480050262484650558720
19480050262484642824224
19480050262484642709760
19480050253843034144800
19480050253843034030336
19480050253774381384736
19480050253774322664704
19480050253774314930208
19480050253774314815744
19480050060178663735304
19480050060175442509856
19480050060175442460800
19480050051382570778632
19480050051379349553184
19480050051379349438720
19480050043149118472224
19480050043149118357760
19480050024994291908616
19480050024991078483072
19480050024991070683168
19480050024991070634112
19480050016198265406472
19480050016198198951944
19480050016195044181024
19480050016194985460992
19480050016194977726496
19480050016194977612032
19480050007964813100064
19480050007964754380032
19480050007964746645536
19480050007964746531072
19479906437567644435584
19479906437567636635680
19479906437567636586624
19479906428771610133536
19479906428771551413504
19479906428771543679008
19479906428771543564544
19479906420129934999584
19479906420129934885120
19479906420061282239520
19479906420061223519488
19479906420061215784992
19479906420061215670528
19479905944990587879440
19479905944988440395808
19479905944988440346752
19479905936194494922768
19479905936192347439136
19479905936192347324672
19479905909806219658368
19479905909806216052752
19479905909804076369024
19479905909804068569120
19479905909804068520064
19479905901010189550608
19479905901010126636288
19479905901010123096080
19479905901008042066976
19479905901007983346944
19479905901007975612448
19479905901007975497984
11806494920276124434436
11806494920276124371072
11806494920276121288720
11806494919797098217480
11806494919796027621380
11806494919796027558016
11806494919796024475664
11806493239672598200328
11806493235274551721992
11806493230962270306312
11806493230953680404488
11806492958197624635396
11806492958197621489680
11806492953799578157060
11806492953799578093696
11806492953799575011344
11806492949487296741380
11806492949487293595664
11806492949478706839556
11806492949478706776192
11806492949478703693840
11806492817462145613832
11806492817461071872016
11806492813064099135496
11806492813063025393680
11806492809230840791056
11806492809222250889232
11806492711909030133768
11806492711907959537668
11806492711907956391952
11806492707510983655432
11806492707509913059332
11806492707509912995968
11806492707509909913616
11806492703677728456708
11806492703677725310992
11806492703669138554884
11806492703669138491520
11806492703669135409168
11806206689899976916996
11806206689899976853632
11806206689899969576992
11806206689899969527936
11806206689423093989384
11806206689419880103940
11806206689419880040576
11806206689419872763936
11806206689419872714880
11806204727821477117956
11806204727821469777952
11806204723423430639620
11806204723423430576256
11806204723423423299616
11806204723423423250560
11806204719111149223940
11806204719111141883936
11806204719102559322116
11806204719102559258752
11806204719102551982112
11806204719102551933056
11806204587088141385736
11806204587084920160288
11806204582690094907400
11806204582686873681952
11806204582686873632896
11806204578854689079328
11806204578846099177504
11806204578846099128448
11806204481535025905672
11806204481531812020228
11806204481531804680224
11806204477136979427336
11806204477133765541892
11806204477133765478528
11806204477133758201888
11806204477133758152832
11806204473301580939268
11806204473301573599264
11806204473292991037444
11806204473292990974080
11806204473292983697440
11806204473292983648384
11806062574235021279236
11806062574235021215872
11806062574235018133520
11806062574232877989892
11806062574232877926528
11806062574232870649888
11806062574232870600832
11806060894108377972740
11806060894108370632736
11806060889710331494404
11806060889710331431040
11806060889710324154400
11806060889710324105344
11806060885398050078724
11806060885398042738720
11806060885389460176900
11806060885389460113536
11806060885389452836896
11806060885389452787840
11806060471900065529872
11806060471897918046240
11806060467502019051536
11806060467499871567904
11806060467499871518848
11806060366346953195524
11806060366346950049808
11806060366344809906180
11806060366344802566176
11806060361948906717188
11806060361948906653824
11806060361948903571472
11806060361946763427844
11806060361946763364480
11806060361946756087840
11806060361946756038784
10625903299558775982096
10625903299558713196548
10625903299558713067776
10625903299558710050832
10625903299079752910856
10625903299079686979592
10625903299078679169040
10625903299078616383492
10625903299078616254720
10625903299078613237776
10625901627751279919112
10625901614557206415368
10625901614557140484104
10625901610236335097864
10625901610236269166600
10625901346276306354180
10625901346276303208464
10625901333082229704720
10625901333082166919172
10625901333082166790400
10625901333082163773456
10625901328761358387216
10625901328761295601668
10625901328761295472896
10625901328761292455952
10625901205540827332616
10625901205539753590800
10625901192346687897608
10625901192345614155792
10625901188504839651344
10625901099987711852552
10625901099986641256452
10625901099986638110736
10625901086793638348808
10625901086793572417544
10625901086792564606992
10625901086792501821444
10625901086792501692672
10625901086792498675728
10625901082951790102544
10625901082951727316996
10625901082951727188224
10625901082951724171280
10625615069182624284676
10625615069182624270368
10625615069182565679108
10625615069182565550336
10625615069182558339104
10625615069182558224640
10625615068705748682760
10625615068705682751496
10625615068702527471620
10625615068702527457312
10625615068702468866052
10625615068702468737280
10625615068702461526048
10625615068702461411584
10625613115900158836740
10625613115900151496736
10625613102706078007300
10625613102706077992992
10625613102706019401732
10625613102706019272960
10625613102706012061728
10625613102706011947264
10625613098385206689796
10625613098385206675488
10625613098385148084228
10625613098385147955456
10625613098385140744224
10625613098385140629760
10625612975166823104520
10625612975163601879072
10625612961972683669512
10625612961969462444064
10625612961969462329600
10625612958128687939616
10625612958128687825152
10625612869613707624456
10625612869610493739012
10625612869610486399008
10625612856419634120712
10625612856419568189448
10625612856416412909572
10625612856416412895264
10625612856416354304004
10625612856416354175232
10625612856416346964000
10625612856416346849536
10625612852575638405124
10625612852575638390816
10625612852575579799556
10625612852575579670784
10625612852575572459552
10625612852575572345088
10625470953517672826896
10625470953517610041348
10625470953517609912576
10625470953517606895632
10625470953515525357572
10625470953515525343264
10625470953515466752004
10625470953515466623232
10625470953515459412000
10625470953515459297536
10625469282187059691524
10625469282187052351520
10625469268992978862084
10625469268992978847776
10625469268992920256516
10625469268992920127744
10625469268992912916512
10625469268992912802048
10625469264672107544580
10625469264672107530272
10625469264672048939012
10625469264672048810240
10625469264672041599008
10625469264672041484544
10625468859978747248656
10625468859976599765024
10625468846784607813648
10625468846782460330016
10625468846782460215552
10625468754425634914308
10625468754425631768592
10625468754423491624964
10625468754423484284960
10625468741231558264848
10625468741231495479300
10625468741231495350528
10625468741231492333584
10625468741229410795524
10625468741229410781216
10625468741229352189956
10625468741229352061184
10625468741229344849952
10625468741229344735488
10035605817392574300168
10035605808596547274760
10035605808596481343496
10035605799886219380744
10035605799886153449480
10035605535917600735236
10035605535917600671872
10035605535917597589520
10035605527121570564112
10035605527121507778564
10035605527121507649792
10035605527121504632848
10035605518411242670096
10035605518411179884548
10035605518411179755776
10035605518411176738832
10035605395182121713672
10035605395181047971856
10035605386386028757000
10035605386384955015184
10035605378154723934224
10035605289629006233608
10035605289627935637508
10035605289627935574144
10035605289627932491792
10035605280832979208200
10035605280832913276936
10035605280831905466384
10035605280831842680836
10035605280831842552064
10035605280831839535120
10035605272601674385424
10035605272601611599876
10035605272601611471104
10035605272601608454160
10035317305541453217796
10035317305541453154432
10035317305541445877792
10035317305541445828736
10035317296745418866692
10035317296745418852384
10035317296745360261124
10035317296745360132352
10035317296745352921120
10035317296745352806656
10035317288035090972676
10035317288035090958368
10035317288035032367108
10035317288035032238336
10035317288035025027104
10035317288035024912640
10035317164808117485576
10035317164804896260128
10035317164804896211072
10035317156012024528904
10035317156008803303456
10035317156008803188992
10035317147778572222496
10035317147778572108032
10035317059255002005512
10035317059251788120068
10035317059251788056704
10035317059251780780064
10035317059251780731008
10035317050458974980104
10035317050458909048840
10035317050455753768964
10035317050455753754656
10035317050455695163396
10035317050455695034624
10035317050455687823392
10035317050455687708928
10035317042225522688004
10035317042225522673696
10035317042225464082436
10035317042225463953664
10035317042225456742432
10035317042225456627968
10035173471828354072580
10035173471828354009216
10035173471828346732576
10035173471828346683520
10035173463032319721476
10035173463032319707168
10035173463032261115908
10035173463032260987136
10035173463032253775904
10035173463032253661440
10035173454321991827460
10035173454321991813152
10035173454321933221892
10035173454321933093120
10035173454321925881888
10035173454321925767424
10035173049620041629712
10035173049617894146080
10035173049617894097024
10035173040823948673040
10035173040821801189408
10035173040821801074944
10035172944066929295364
10035172944066929232000
10035172944066926149648
10035172944064786006020
10035172944064785942656
10035172944064778666016
10035172944064778616960
10035172935270899124240
10035172935270836338692
10035172935270836209920
10035172935270833192976
10035172935268751654916
10035172935268751640608
10035172935268693049348
10035172935268692920576
10035172935268685709344
10035172935268685594880
7084128436996172480520
7084128436995101884420
7084128436995101821056
7084128436995098738704
7084126748161344569352
7084126748152754667528
7084126466686371004420
7084126466686367858704
7084126466677781102596
7084126466677781039232
7084126466677777956880
7084126334592500662280
7084126334591426920464
7084126330194454183944
7084126330193384047744
7084126330193380442128
7084126326361195839504
7084126326352609543296
7084126326352605937680
7084126264223757008904
7084126264222686412804
7084126264222683267088
7084126259825710530568
7084126259824639934468
7084126259824639871104
7084126259824636788752
7084126255992455331844
7084126255992452186128
7084126255983865430020
7084126255983865366656
7084126255983862284304
7083840206622168252424
7083840206618954366980
7083840206618954303616
7083840206618947026976
7083840206618946977920
7083838236310223486980
7083838236310216146976
7083838236301633585156
7083838236301633521792
7083838236301626245152
7083838236301626196096
7083838104218496434184
7083838104215275208736
7083838099820449955848
7083838099817236530304
7083838099817228730400
7083838099817228681344
7083838095985044127776
7083838095976462025856
7083838095976454225952
7083838095976454176896
7083838033849752780808
7083838033846538895364
7083838033846531555360
7083838029451706302472
7083838029448492417028
7083838029448492353664
7083838029448485077024
7083838029448485027968
7083838025616307814404
7083838025616300474400
7083838025607717912580
7083838025607717849216
7083838025607710572576
7083838025607710523520
7083696091434095542276
7083696091434095478912
7083696091434092396560
7083696091431952252932
7083696091431952189568
7083696091431944912928
7083696091431944863872
7083694402597124341764
7083694402597117001760
7083694402588534439940
7083694402588534376576
7083694402588527099936
7083694402588527050880
7083693989030420578320
7083693989028273094688
7083693984632377705600
7083693984632374099984
7083693984630234416256
7083693984630226616352
7083693984630226567296
7083693918661680070660
7083693918661676924944
7083693918659536781316
7083693918659529441312
7083693914263633592324
7083693914263633528960
7083693914263630446608
7083693914261490302980
7083693914261490239616
7083693914261482962976
7083693914261482913920
5903536816278827173896
5903536816278761242632
5903536816277753432080
5903536816277690646532
5903536816277690517760
5903536816277687500816
5903535127435409360904
5903535127435343429640
5903534845960432650256
5903534845960369864708
5903534845960369735936
5903534845960366718992
5903534722671182381064
5903534722670108639248
5903534709477109400584
5903534709477042946056
5903534709476035658768
5903534709475972744448
5903534709475969204240
5903534705635261154320
5903534705635198240000
5903534705635194699792
5903534652302438727688
5903534652301368131588
5903534652301364985872
5903534639108365223944
5903534639108299292680
5903534639107291482128
5903534639107228696580
5903534639107228567808
5903534639107225550864
5903534635266516977680
5903534635266454192132
5903534635266454063360
5903534635266451046416
5903248585904822945800
5903248585904757014536
5903248585901601734660
5903248585901601720352
5903248585901543129092
5903248585901543000320
5903248585901535789088
5903248585901535674624
5903246615584280952836
5903246615584280938528
5903246615584222347268
5903246615584222218496
5903246615584215007264
5903246615584214892800
5903246492297178152968
5903246492293956927520
5903246479103105172488
5903246479103038717960
5903246479099883947040
5903246479099825227008
5903246479099817492512
5903246479099817378048
5903246475259109442592
5903246475259050722560
5903246475259042988064
5903246475259042873600
5903246421928434499592
5903246421925220614148
5903246421925213274144
5903246408734360995848
5903246408734295064584
5903246408731139784708
5903246408731139770400
5903246408731081179140
5903246408731081050368
5903246408731073839136
5903246408731073724672
5903246404890365280260
5903246404890365265952
5903246404890306674692
5903246404890306545920
5903246404890299334688
5903246404890299220224
5903104470716747089936
5903104470716684304388
5903104470716684175616
5903104470716681158672
5903104470714599620612
5903104470714599606304
5903104470714541015044
5903104470714540886272
5903104470714533675040
5903104470714533560576
5903102781871181807620
5903102781871181793312
5903102781871123202052
5903102781871123073280
5903102781871115862048
5903102781871115747584
5903102377109102297104
5903102377106954813472
5903102363915029316624
5903102363914966402304
5903102363914962862096
5903102363912881832992
5903102363912823112960
5903102363912815378464
5903102363912815264000
5903102306740361789444
5903102306740358643728
5903102306738218500100
5903102306738211160096
5903102293546285139984
5903102293546222354436
5903102293546222225664
5903102293546219208720
5903102293544137670660
5903102293544137656352
5903102293544079065092
5903102293544078936320
5903102293544071725088
5903102293544071610624
5313239317085293643784
5313239317085227712520
5313239035610316933136
5313239035610254147588
5313239035610254018816
5313239035610251001872
5313238912312476762120
5313238912311406625920
5313238912311403020304
5313238903516450259976
5313238903516383805448
5313238903515376518160
5313238903515313603840
5313238903515310063632
5313238895285145437200
5313238895285082522880
5313238895285078982672
5313238841943733108744
5313238841942662512644
5313238841942662449280
5313238841942659366928
5313238833147706083336
5313238833147640152072
5313238833146632341520
5313238833146569555972
5313238833146569427200
5313238833146566410256
5313238824916401260560
5313238824916338475012
5313238824916338346240
5313238824916335329296
5312950805234165235716
5312950805234165221408
5312950805234106630148
5312950805234106501376
5312950805234099290144
5312950805234099175680
5312950681938472534024
5312950681935259108480
5312950681935251308576
5312950681935251259520
5312950673142446031880
5312950673142379577352
5312950673139224806432
5312950673139166086400
5312950673139158351904
5312950673139158237440
5312950664908993725472
5312950664908935005440
5312950664908927270944
5312950664908927156480
5312950611569728880648
5312950611566514995204
5312950611566514931840
5312950611566507655200
5312950611566507606144
5312950602773701855240
5312950602773635923976
5312950602770480644100
5312950602770480629792
5312950602770422038532
5312950602770421909760
5312950602770414698528
5312950602770414584064
5312950594540249563140
5312950594540249548832
5312950594540190957572
5312950594540190828800
5312950594540183617568
5312950594540183503104
5312806971521066090500
5312806971521066076192
5312806971521007484932
5312806971521007356160
5312806971521000144928
5312806971521000030464
5312806566750400283776
5312806566750396678160
5312806566748256994432
5312806566748249194528
5312806566748249145472
5312806557954370176016
5312806557954307261696
5312806557954303721488
5312806557952222692384
5312806557952163972352
5312806557952156237856
5312806557952156123392
5312806496381656170500
5312806496381656107136
5312806496381653024784
5312806496379512881156
5312806496379512817792
5312806496379505541152
5312806496379505492096
5312806487585625999376
5312806487585563213828
5312806487585563085056
5312806487585560068112
5312806487583478530052
5312806487583478515744
5312806487583419924484
5312806487583419795712
5312806487583412584480
5312806487583412470016
