75578616594549599911940
75578616594549599897632
75578616594549541306372
75578616594549541177600
75578616594549533966368
75578616594549533851904
75578616471331216326664
75578616471327995101216
75578616458137076891656
75578616458133855666208
75578616458133855551744
75578616365778100846600
75578616365774886961156
75578616365774879621152
75578616352584027342856
75578616352583961411592
75578616352580806131716
75578616352580806117408
75578616352580747526148
75578616352580747397376
75578616352580740186144
75578616352580740071680
75577463673053582999556
75577463673053582985248
75577463673053524393988
75577463673053524265216
75577463673053517053984
75577463673053516939520
75577463549826609512456
75577463549823388287008
75577463541030516555784
75577463541027295330336
75577463541027295215872
75577463444273494032392
75577463444270280146948
75577463444270272806944
75577463435477467006984
75577463435477401075720
75577463435474245795844
75577463435474245781536
75577463435474187190276
75577463435474187061504
75577463435474179850272
75577463435474179735808
75569393222581464612868
75569393222581464598560
75569393222581406007300
75569393222581405878528
75569393222581398667296
75569393222581398552832
75569393099294361813000
75569393099291140587552
75569393086100222377992
75569393086097001152544
75569393086097001038080
75569393028925618159624
75569393028922404274180
75569393028922396934176
75569393015731544655880
75569393015731478724616
75569393015728323444740
75569393015728323430432
75569393015728264839172
75569393015728264710400
75569393015728257499168
75569393015728257384704
75568240301085447700484
75568240301085447686176
75568240301085389094916
75568240301085388966144
75568240301085381754912
75568240301085381640448
75568240177789754998792
75568240177786533773344
75568240168993662042120
75568240168990440816672
75568240168990440702208
75568240107421011345416
75568240107417797459972
75568240107417790119968
75568240098624984320008
75568240098624918388744
75568240098621763108868
75568240098621763094560
75568240098621704503300
75568240098621704374528
75568240098621697163296
75568240098621697048832
37799685013067414913028
37799685013067414898720
37799685013067356307460
37799685013067356178688
37799685013067348967456
37799685013067348852992
37799684608374054617104
37799684608371907133472
37799684595179915182096
37799684595177767698464
37799684595177767584000
37799684502820939137040
37799684502818798993412
37799684502818791653408
37799684489626865633296
37799684489626799702032
37799684489624718163972
37799684489624718149664
37799684489624659558404
37799684489624659429632
37799684489624652218400
37799684489624652103936
37798532091571398000644
37798532091571397986336
37798532091571339395076
37798532091571339266304
37798532091571332055072
37798532091571331940608
37798531686869447802896
37798531686867300319264
37798531678073354846224
37798531678071207362592
37798531678071207248128
37798531581316332322832
37798531581314192179204
37798531581314184839200
37798531572520305297424
37798531572520239366160
37798531572518157828100
37798531572518157813792
37798531572518099222532
37798531572518099093760
37798531572518091882528
37798531572518091768064
37790461641099279613956
37790461641099279599648
37790461641099221008388
37790461641099220879616
37790461641099213668384
37790461641099213553920
37790461236337200103440
37790461236335052619808
37790461223143060668432
37790461223140913184800
37790461223140913070336
37790461165968456450064
37790461165966316306436
37790461165966308966432
37790461152774382946320
37790461152774317015056
37790461152772235476996
37790461152772235462688
37790461152772176871428
37790461152772176742656
37790461152772169531424
37790461152772169416960
37789308719603262701572
37789308719603262687264
37789308719603204096004
37789308719603203967232
37789308719603196756000
37789308719603196641536
37789308314832593289232
37789308314830445805600
37789308306036500332560
37789308306034352848928
37789308306034352734464
37789308244463849635856
37789308244461709492228
37789308244461702152224
37789308235667822610448
37789308235667756679184
37789308235665675141124
37789308235665675126816
37789308235665616535556
37789308235665616406784
37789308235665609195552
37789308235665609081088
21251226196770279424008
21251226196761689522184
21251226196701560209416
21251226196692970307592
21251225915295302713360
21251225915286712811536
21251225915226583498768
21251225915217993596944
21251225712832691863560
21251225712831618121744
21251225708434645385224
21251225708433571643408
21251225677648320036872
21251225677647246295056
21251225673250273558536
21251225673249199816720
21250937684919151001632
21250937684910561099808
21250937684850431787040
21250937684841841885216
21250937482458687635464
21250937482455466410016
21250937478060641157128
21250937478057419931680
21250937447274315808776
21250937447271094583328
21250937442876269330440
21250937442873048104992
21250793851206051856416
21250793851197461954592
21250793851137332641824
21250793851128742740000
21250793367270611779600
21250793367268464295968
21250793362872565301264
21250793362870417817632
21250793332086239952912
21250793332084092469280
21250793327688193474576
21250793327686045990944
20070634576044278284296
20070634575975559069704
20070634294569301573648
20070634294500582359056
20070634100911373582344
20070634100910299840528
20070634087717234147336
20070634087716160405520
20070634065727001755656
20070634065725928013840
20070634052532862320648
20070634052531788578832
20070346064193149861920
20070346064193149747456
20070346064124430647328
20070346064124430532864
20070345870537369354248
20070345870534148128800
20070345857343229919240
20070345857340008693792
20070345857340008579328
20070345835352997527560
20070345835349776302112
20070345822158858092552
20070345822155636867104
20070345822155636752640
20070202230480050716704
20070202230480050602240
20070202230411331502112
20070202230411331387648
20070201755349293498384
20070201755347146014752
20070201742155154063376
20070201742153006579744
20070201742153006465280
20070201720164921671696
20070201720162774188064
20070201706970782236688
20070201706968634753056
20070201706968634638592
19480338765694162567176
19480338765625443352584
19480338484219185856528
19480338484150466641936
19480338290552667963400
19480338290551594221584
19480338281756575006728
19480338281755501264912
19480338255368296136712
19480338255367222394896
19480338246572203180040
19480338246571129438224
19480050253843034144800
19480050253843034030336
19480050253774314930208
19480050253774314815744
19480050060178663735304
19480050060175442509856
19480050051382570778632
19480050051379349553184
19480050051379349438720
19480050024994291908616
19480050024991070683168
19480050016198198951944
19480050016194977726496
19480050016194977612032
19479906420129934999584
19479906420129934885120
19479906420061215784992
19479906420061215670528
19479905944990587879440
19479905944988440395808
19479905936194494922768
19479905936192347439136
19479905936192347324672
19479905909806216052752
19479905909804068569120
19479905901010123096080
19479905901007975612448
19479905901007975497984
11806493230962270306312
11806493230953680404488
11806492949487293595664
11806492949478703693840
11806492817462145613832
11806492817461071872016
11806492813064099135496
11806492813063025393680
11806492711909030133768
11806492711907956391952
11806492707510983655432
11806492707509909913616
11806204719111149223940
11806204719111141883936
11806204719102559322116
11806204719102551982112
11806204587088141385736
11806204587084920160288
11806204582690094907400
11806204582686873681952
11806204481535025905672
11806204481531812020228
11806204481531804680224
11806204477136979427336
11806204477133765541892
11806204477133758201888
11806060885398050078724
11806060885398042738720
11806060885389460176900
11806060885389452836896
11806060471900065529872
11806060471897918046240
11806060467502019051536
11806060467499871567904
11806060366346950049808
11806060366344809906180
11806060366344802566176
11806060361948903571472
11806060361946763427844
11806060361946756087840
10625901610236335097864
10625901610236269166600
10625901328761358387216
10625901328761292455952
10625901205540827332616
10625901205539753590800
10625901192346687897608
10625901192345614155792
10625901099987711852552
10625901099986638110736
10625901086793638348808
10625901086793572417544
10625901086792564606992
10625901086792498675728
10625613098385206689796
10625613098385206675488
10625613098385148084228
10625613098385147955456
10625613098385140744224
10625613098385140629760
10625612975166823104520
10625612975163601879072
10625612961972683669512
10625612961969462444064
10625612961969462329600
10625612869613707624456
10625612869610493739012
10625612869610486399008
10625612856419634120712
10625612856419568189448
10625612856416412909572
10625612856416412895264
10625612856416354304004
10625612856416354175232
10625612856416346964000
10625612856416346849536
10625469264672107544580
10625469264672107530272
10625469264672048939012
10625469264672048810240
10625469264672041599008
10625469264672041484544
10625468859978747248656
10625468859976599765024
10625468846784607813648
10625468846782460330016
10625468846782460215552
10625468754425631768592
10625468754423491624964
10625468754423484284960
10625468741231558264848
10625468741231492333584
10625468741229410795524
10625468741229410781216
10625468741229352189956
10625468741229352061184
10625468741229344849952
10625468741229344735488
10035605799886219380744
10035605799886153449480
10035605518411242670096
10035605518411176738832
10035605395182121713672
10035605395181047971856
10035605386386028757000
10035605386384955015184
10035605289629006233608
10035605289627932491792
10035605280832979208200
10035605280832913276936
10035605280831905466384
10035605280831839535120
10035317288035090972676
10035317288035090958368
10035317288035032367108
10035317288035032238336
10035317288035025027104
10035317288035024912640
10035317164808117485576
10035317164804896260128
10035317156012024528904
10035317156008803303456
10035317156008803188992
10035317059255002005512
10035317059251788120068
10035317059251780780064
10035317050458974980104
10035317050458909048840
10035317050455753768964
10035317050455753754656
10035317050455695163396
10035317050455695034624
10035317050455687823392
10035317050455687708928
10035173454321991827460
10035173454321991813152
10035173454321933221892
10035173454321933093120
10035173454321925881888
10035173454321925767424
10035173049620041629712
10035173049617894146080
10035173040823948673040
10035173040821801189408
10035173040821801074944
10035172944066926149648
10035172944064786006020
10035172944064778666016
10035172935270899124240
10035172935270833192976
10035172935268751654916
10035172935268751640608
10035172935268693049348
10035172935268692920576
10035172935268685709344
10035172935268685594880
7084126748161344569352
7084126748152754667528
7084126466686367858704
7084126466677777956880
7084126334592500662280
7084126334591426920464
7084126330194454183944
7084126330193380442128
7084126264223757008904
7084126264222683267088
7084126259825710530568
7084126259824636788752
7083838236310223486980
7083838236310216146976
7083838236301633585156
7083838236301626245152
7083838104218496434184
7083838104215275208736
7083838099820449955848
7083838099817228730400
7083838033849752780808
7083838033846538895364
7083838033846531555360
7083838029451706302472
7083838029448492417028
7083838029448485077024
7083694402597124341764
7083694402597117001760
7083694402588534439940
7083694402588527099936
7083693989030420578320
7083693989028273094688
7083693984632374099984
7083693984630226616352
7083693918661676924944
7083693918659536781316
7083693918659529441312
7083693914263630446608
7083693914261490302980
7083693914261482962976
5903535127435409360904
5903535127435343429640
5903534845960432650256
5903534845960366718992
5903534722671182381064
5903534722670108639248
5903534709477042946056
5903534709475969204240
5903534652302438727688
5903534652301364985872
5903534639108365223944
5903534639108299292680
5903534639107291482128
5903534639107225550864
5903246615584280952836
5903246615584280938528
5903246615584222347268
5903246615584222218496
5903246615584215007264
5903246615584214892800
5903246492297178152968
5903246492293956927520
5903246479103038717960
5903246479099817492512
5903246479099817378048
5903246421928434499592
5903246421925220614148
5903246421925213274144
5903246408734360995848
5903246408734295064584
5903246408731139784708
5903246408731139770400
5903246408731081179140
5903246408731081050368
5903246408731073839136
5903246408731073724672
5903102781871181807620
5903102781871181793312
5903102781871123202052
5903102781871123073280
5903102781871115862048
5903102781871115747584
5903102377109102297104
5903102377106954813472
5903102363914962862096
5903102363912815378464
5903102363912815264000
5903102306740358643728
5903102306738218500100
5903102306738211160096
5903102293546285139984
5903102293546219208720
5903102293544137670660
5903102293544137656352
5903102293544079065092
5903102293544078936320
5903102293544071725088
5903102293544071610624
5313239317085293643784
5313239317085227712520
5313239035610316933136
5313239035610251001872
5313238912312476762120
5313238912311403020304
5313238903516383805448
5313238903515310063632
5313238841943733108744
5313238841942659366928
5313238833147706083336
5313238833147640152072
5313238833146632341520
5313238833146566410256
5312950805234165235716
5312950805234165221408
5312950805234106630148
5312950805234106501376
5312950805234099290144
5312950805234099175680
5312950681938472534024
5312950681935251308576
5312950673142379577352
5312950673139158351904
5312950673139158237440
5312950611569728880648
5312950611566514995204
5312950611566507655200
5312950602773701855240
5312950602773635923976
5312950602770480644100
5312950602770480629792
5312950602770422038532
5312950602770421909760
5312950602770414698528
5312950602770414584064
5312806971521066090500
5312806971521066076192
5312806971521007484932
5312806971521007356160
5312806971521000144928
5312806971521000030464
5312806566750396678160
5312806566748249194528
5312806557954303721488
5312806557952156237856
5312806557952156123392
5312806496381653024784
5312806496379512881156
5312806496379505541152
5312806487585625999376
5312806487585560068112
5312806487583478530052
5312806487583478515744
5312806487583419924484
5312806487583419795712
5312806487583412584480
5312806487583412470016
