151157234878344364818960
151157234878344335458944
151157234878344331591696
151157234877933895549568
151157234877933893718144
151157234877865176073344
151157233193342763795072
151157233193342761963648
151157233189099067671104
151157233189099065839680
151157233189090477736576
151157233189090475905152
151157233189030348194880
151157233189021758260352
151157232911867818541584
151157232911867789181568
151157232911867785314320
151157232907624093057600
151157232907615532483088
151157232907615503123072
151157232907615499255824
151157232907555373581376
151157232907546813006864
151157232907546783646848
151157232700763433599616
151157232700763431768192
151157232696930177385024
151157232696921616810512
151157232696921587450496
151157232696921583583248
151157232665579061511296
151157232661745805296704
151157232661737244722192
151157232661737215362176
151154929035335121765120
151154929035335117963280
151154929034924681855744
151154929034924680024320
151154929034855962379520
151154927363527689634368
151154927363527687802944
151154927350333550101248
151154927350333548269824
151154927346107033846336
151154927346107032014912
151154927346081264042752
151154927346081262211328
151154927346038314370112
151154927346012544566528
151154927082052715020864
151154927068858575487744
151154927068858571685904
151154927064632059232832
151154927064606289429248
151154927064606285627408
151154927064563339756608
151154927064537569953024
151154926870948359438912
151154926870948357607488
151154926857754219905792
151154926857754218074368
151154926853938143560256
151154926853912373756672
151154926853912369954832
151154926835763987350592
151154926822569847817472
151154926818753771471936
151154926818728001668352
151153774442023082787456
151153774442023080956032
151153774424602426999424
151153774424602425168000
151153774424585247130368
151153774424585245298944
151153774424533707523200
151153774424516527654144
151153774160548137533968
151153774160548108173952
151153774160548104306704
151153774143127481745936
151153774143127452385920
151153774143127448518672
151153774143110272516864
151153774143110268715024
151153774143058762269712
151153774143058732909696
151153774143041553040640
151153773949443752592000
151153773949443750760576
151153773932433566073360
151153773932433536713344
151153773932433532846096
151153773932416356844288
151153773932416353042448
151153773914259380503680
151153773897249193985040
151153773897249164625024
151153773897231984755968
151138788133791497981956
151138788133791466586116
151138788133791466522752
151138788133791465476224
151138786444956638644288
151138786444956637597760
151138786444948080168964
151138786444948048773124
151138786444948048709760
151138786444948047663232
151138786163481664030784
151138786163473103456272
151138786163473074159620
151138786163473074096256
151138786163473071013904
151138786027058468225664
151138786027058466394240
151138786023225212011072
151138786023216651436560
151138786023216622076544
151138786023216618209296
151138785921505383419908
151138785921505352024068
151138785921505351960704
151138785921505350914176
151138785917672095746112
151138785917663535171600
151138785917663505874948
151138785917663505811584
151138785917663502729232
151136482290782252957700
151136482290782252828928
151136482290782251782400
151136480601964604819520
151136480601964603772992
151136480601938835144708
151136480601938835015936
151136480601938833969408
151136480320489630206016
151136480320463860531204
151136480320463860402432
151136480320463857385488
151136480197243394064960
151136480197243392233536
151136480184049254531840
151136480184049252700416
151136480180233178186304
151136480180207408382720
151136480180207404580880
151136480091690277800000
151136480091690276753472
151136480078496138395652
151136480078496138266880
151136480078496137220352
151136480074680061921344
151136480074654292246532
151136480074654292117760
151136480074654289100816
151135327680460029431812
151135327680459998035972
151135327680459997972608
151135327680459996926080
151135327680442818232324
151135327680442818103552
151135327680442817057024
151135327398985052719120
151135327398985023422468
151135327398985023359104
151135327398985020276752
151135327398967843618820
151135327398967843490048
151135327398967840473104
151135327275738787218048
151135327275738785386624
151135327258728600699408
151135327258728571339392
151135327258728567472144
151135327258711391470336
151135327258711387668496
151135327170185702412292
151135327170185671016452
151135327170185670953088
151135327170185669906560
151135327153175484434448
151135327153175455137796
151135327153175455074432
151135327153175451992080
151135327153158275334148
151135327153158275205376
151135327153158272188432
151129564762233800493072
151129564762233771196420
151129564762233771133056
151129564762233768050704
151129564761823362682884
151129564761823331287044
151129564761823331223680
151129564761823330177152
151129563077232230928388
151129563077232199532548
151129563077232199469184
151129563077232198422656
151129563072988503345216
151129563072988502298688
151129563072979944869892
151129563072979913474052
151129563072979913410688
151129563072979912364160
151129562795757254215696
151129562795757224919044
151129562795757224855680
151129562795757221773328
151129562791513528731712
151129562791504968157200
151129562791504938860548
151129562791504938797184
151129562791504935714832
151129562655021613450368
151129562651188357235776
151129562651179796661264
151129562651179767301248
151129562584652900732932
151129562584652869337092
151129562584652869273728
151129562584652868227200
151129562580819613059136
151129562580811052484624
151129562580811023187972
151129562580811023124608
151129562580811020042256
151127258919224557568004
151127258919224557439232
151127258919224554422288
151127258918814117658628
151127258918814117529856
151127258918814116483328
151127257247417125308480
151127257247417124261952
151127257234222985904132
151127257234222985775360
151127257234222984728832
151127257229996469520448
151127257229996468473920
151127257229970699845636
151127257229970699716864
151127257229970698670336
151127256965942150694976
151127256952748011290628
151127256952748011161856
151127256952748008144912
151127256948521494906944
151127256948495725232132
151127256948495725103360
151127256948495722086416
151127256825206539289664
151127256812012399756544
151127256808196323411008
151127256808170553607424
151127256754837795113024
151127256754837794066496
151127256741643655708676
151127256741643655579904
151127256741643654533376
151127256737827579234368
151127256737801809559556
151127256737801809430784
151127256737801806413840
151126104325912549920772
151126104325912518524932
151126104325912518461568
151126104325912517415040
151126104308491894132740
151126104308491862736900
151126104308491862673536
151126104308491861627008
151126104308474682933252
151126104308474682804480
151126104308474681757952
151126104044437573208080
151126104044437543911428
151126104044437543848064
151126104044437540765712
151126104027016917420048
151126104027016888123396
151126104027016888060032
151126104027016884977680
151126104026999708319748
151126104026999708190976
151126104026999705174032
151126103903701932442752
151126103886691745924112
151126103886691716564096
151126103886674536695040
151126103833333219725316
151126103833333188329476
151126103833333188266112
151126103833333187219584
151126103816323001747472
151126103816322972450820
151126103816322972387456
151126103816322969305104
151126103816305792647172
151126103816305792518400
151126103816305789501456
75599371154079277384320
75599371154079275552896
75599371152430041399840
75599371152430016234112
75599371152430008172576
75599371152021719614080
75599371152021717782656
75599371151953000137856
75599369185953495122464
75599369185953469956736
75599369185953461895200
75599369181709773832768
75599369181701209063968
75599369181701183898240
75599369181701175836704
75599369181641054356544
75599369181632489587744
75599369181632464422016
75599368974851257664128
75599368974851255832704
75599368972665119310400
75599368972665117478976
75599368972656529375872
75599368972656527544448
75599368971015858160192
75599368971007293391392
75599368971007268225664
75599368971007260164128
75599368939666885575808
75599368937480747222080
75599368937472157287552
75599368935831486071872
75599368935822921303072
75599368935822896137344
75597065311070063690496
75597065311070061859072
75597065309420802540288
75597065309420794544160
75597065309012505920256
75597065309012504088832
75597065308943786444032
75597063356138395796032
75597063342944256262912
75597063342944248266784
75597063338717740008000
75597063338691970204416
75597063338691962208288
75597063338649020531776
75597063338623250728192
75597063145036183503424
75597063145036181672000
75597063131842043970304
75597063131842042138880
75597063129673085485632
75597063129673083654208
75597063129647315682048
75597063129647313850624
75597063128023824335424
75597063127998054531840
75597063127998046535712
75597063109851811415104
75597063096657671881984
75597063094488713397312
75597063094462943593728
75597063092839452247104
75597063092813682443520
75595910434633814114848
75595910434633788949120
75595910434633780887584
75595910417213158326816
75595910417213133161088
75595910417213125099552
75595910417195953292032
75595910417195945295904
75595910417144438850592
75595910417144413684864
75595910417127233815808
75595910223531576656512
75595910223531574825088
75595910208168478638720
75595910208168476807296
75595910208151298769664
75595910208151296938240
75595910206519242654240
75595910206519217488512
75595910206519209426976
75595910206502037619456
75595910206502029623328
75595910188347204568192
75595910172984106550400
75595910172966926681344
75595910171334870565920
75595910171334845400192
75595910171317665531136
75580924407879322046468
75580924407879290650628
75580924407879290587264
75580924407879289540736
75580922437567344805952
75580922437558780037152
75580922437558754934788
75580922437558754871424
75580922437558747594784
75580922301146292290176
75580922301146290458752
75580922298960153936448
75580922298960152105024
75580922298951564001920
75580922298951562170496
75580922297310892786240
75580922297302328017440
75580922297302302851712
75580922297302294790176
75580922195593207484420
75580922195593176088580
75580922195593176025216
75580922195593174978688
75580922193407037671488
75580922193407036624960
75580922193398479196164
75580922193398447800324
75580922193398447736960
75580922193398446690432
75580922191757776521280
75580922191749211752480
75580922191749186650116
75580922191749186586752
75580922191749179310112
75578618564870077022212
75578618564870076893440
75578618564870075846912
75578616594575310981184
75578616594549541306372
75578616594549541177600
75578616594549533966368
75578616471331218129472
75578616471331216298048
75578616458137078596352
75578616458137076764928
75578616455968120111680
75578616455968118280256
75578616455942350308096
75578616455942348476672
75578616454318858961472
75578616454293089157888
75578616454293081161760
75578616365778101864512
75578616365778100817984
75578616352583962460164
75578616352583962331392
75578616352583961284864
75578616350415003846720
75578616350415002800192
75578616350389234171908
75578616350389234043136
75578616350389232996608
75578616348765742696512
75578616348739973021700
75578616348739972892928
75578616348739965681696
75577463673070729300000
75577463673070704197636
75577463673070704134272
75577463673070696857632
75577463673053524393988
75577463673053524265216
75577463673053517053984
75577463549826611282560
75577463549826609451136
75577463534463513264768
75577463534463511433344
75577463534446333395712
75577463534446331564288
75577463532814277280288
75577463532814252114560
75577463532814244053024
75577463532797072245504
75577463532797064249376
75577463444273526476804
75577463444273495080964
75577463444273495017600
75577463444273493971072
75577463428910428459012
75577463428910397063172
75577463428910396999808
75577463428910395953280
75577463428893217259524
75577463428893217130752
75577463428893216084224
75577463427261161015328
75577463427261135912964
75577463427261135849600
75577463427261128572960
75577463427243956109316
75577463427243955980544
75577463427243948769312
75571701037968744517636
75571701037968713121796
75571701037968713058432
75571701037968712011904
75571701036319477073952
75571701036319451971588
75571701036319451908224
75571701036319444631584
75571701035911186747396
75571701035911155351556
75571701035911155288192
75571701035911154241664
75571699069842930796576
75571699069842905694212
75571699069842905630848
75571699069842898354208
75571699065599209506880
75571699065590644738080
75571699065590619635716
75571699065590619572352
75571699065590612295712
75571698929109437514880
75571698926923299161152
75571698926914709226624
75571698925274038010944
75571698925265473242144
75571698925265448076416
75571698858740724797444
75571698858740693401604
75571698858740693338240
75571698858740692291712
75571698856554554984512
75571698856554553937984
75571698856545996509188
75571698856545965113348
75571698856545965049984
75571698856545964003456
75571698854905293834304
75571698854896729065504
75571698854896703963140
75571698854896703899776
75571698854896696623136
75569395194959499493380
75569395194959499364608
75569395194959498318080
75569395193310238343172
75569395193310238214400
75569395193310231003168
75569395192901941723140
75569395192901941594368
75569395192901940547840
75569393240027831470144
75569393226833692065796
75569393226833691937024
75569393226833684725792
75569393222607175682112
75569393222581406007300
75569393222581405878528
75569393222581398667296
75569393099294363354176
75569393086100223821056
75569393083931265336384
75569393083905495532800
75569393082282004186176
75569393082256234382592
75569393028925619177536
75569393028925618131008
75569393015731479773188
75569393015731479644416
75569393015731478597888
75569393013562521159744
75569393013562520113216
75569393013536751484932
75569393013536751356160
75569393013536750309632
75569393011913260009536
75569393011887490334724
75569393011887490205952
75569393011887482994720
75568240318523249788960
75568240318523224686596
75568240318523224623232
75568240318523217346592
75568240301102594000928
75568240301102568898564
75568240301102568835200
75568240301102561558560
75568240301085389094916
75568240301085388966144
75568240301085381754912
75568240177789756507264
75568240162426658489472
75568240162409478620416
75568240160777422504992
75568240160777397339264
75568240160760217470208
75568240107421043789828
75568240107421012393988
75568240107421012330624
75568240107421011284096
75568240092057945772036
75568240092057914376196
75568240092057914312832
75568240092057913266304
75568240092040734572548
75568240092040734443776
75568240092040733397248
75568240090408678328352
75568240090408653225988
75568240090408653162624
75568240090408645885984
75568240090391473422340
75568240090391473293568
75568240090391466082336
37820439291122147131920
37820439291122117771904
37820439291122113904656
37820439289064589361680
37820439289064560001664
37820439289064556134416
37820439289062441878048
37820439289062416712320
37820439289062408650784
37820439288995869885456
37820439288995840525440
37820439288993722401824
37820439288993697236096
37820437604471310123552
37820437604471284957824
37820437604471276896288
37820437600227588833856
37820437600219024065056
37820437600218998899328
37820437600218990837792
37820437600158869357632
37820437600150304588832
37820437600150279423104
37820437111894127411728
37820437111894098051712
37820437111894094184464
37820437111891979928096
37820437111891954762368
37820437111891946700832
37820437109707959697984
37820437109699399123472
37820437109699369763456
37820437109699365896208
37820437076709755323408
37820437076709725963392
37820437076707607839776
37820437076707582674048
37820437074523587609664
37820437074515027035152
37820437074514997675136
37818133448112904078080
37818133448112900276240
37818133446055346307840
37818133446055342506000
37818133446053203018496
37818133446053195022368
37818133445986626831616
37818133445984483542272
37818131774656210797120
37818131761462071264000
37818131761462063267872
37818131757235555009088
37818131757209785205504
37818131757209777209376
37818131757166835532864
37818131757141065729280
37818131282079023891008
37818131282076880601664
37818131268884884357888
37818131268884880556048
37818131268882741068544
37818131268882733072416
37818131266715925873216
37818131266690156069632
37818131266690152267792
37818131246894651802688
37818131246892508513344
37818131233700512269568
37818131233698368980224
37818131231531553784896
37818131231505783981312
37816978853151629115936
37816978853151603950208
37816978853151595888672
37816978835730973327904
37816978835730948162176
37816978835730940100640
37816978835713768293120
37816978835713760296992
37816978835662253851680
37816978835662228685952
37816978835645048816896
37816978360574446404112
37816978360574417044096
37816978360574413176848
37816978360572298920480
37816978360572273754752
37816978360572265693216
37816978345211348386320
37816978345211319026304
37816978345211315159056
37816978345194139157248
37816978345194135355408
37816978325390074315792
37816978325390044955776
37816978325387926832160
37816978325387901666432
37816978310026976298000
37816978310026946937984
37816978310009767068928
37801992544922160334864
37801992544922131038212
37801992544922130974848
37801992544922127892496
37801992544920012851232
37801992544919987748868
37801992544919987685504
37801992544919980408864
37801990856085159807040
37801990856076595038240
37801990856076569935876
37801990856076569872512
37801990856076562595872
37801990438189162037776
37801990438189132677760
37801990438189128810512
37801990438187014554144
37801990438186989388416
37801990438186981326880
37801990436002994324032
37801990435994433749520
37801990435994404389504
37801990435994400522256
37801990332636045772816
37801990332636016476164
37801990332636016412800
37801990332636013330448
37801990332633898289184
37801990332633873186820
37801990332633873123456
37801990332633865846816
37801990330449878059072
37801990330441317484560
37801990330441288187908
37801990330441288124544
37801990330441285042192
37799686701912917409796
37799686701912917281024
37799686701912914264080
37799686701910774120452
37799686701910773991680
37799686701910766780448
37799685013093125982272
37799685013067356307460
37799685013067356178688
37799685013067348967456
37799684608374058517056
37799684608371915227712
37799684595179918983936
37799684595179915182096
37799684595177775694592
37799684595177767698464
37799684593010960499264
37799684592985190695680
37799684592985186893840
37799684502820942252096
37799684502818798962752
37799684489626802847748
37799684489626802718976
37799684489626799702032
37799684489624659558404
37799684489624659429632
37799684489624652218400
37799684487457844234304
37799684487432074559492
37799684487432074430720
37799684487432071413776
37798532091588544301088
37798532091588519198724
37798532091588519135360
37798532091588511858720
37798532091571339395076
37798532091571339266304
37798532091571332055072
37798531686869481030160
37798531686869451670144
37798531686869447802896
37798531686867333546528
37798531686867308380800
37798531686867300319264
37798531671506383012368
37798531671506353652352
37798531671506349785104
37798531671489173783296
37798531671489169981456
37798531581316364765200
37798531581316335468548
37798531581316335405184
37798531581316332322832
37798531581314217281568
37798531581314192179204
37798531581314192115840
37798531581314184839200
37798531565953266747408
37798531565953237450756
37798531565953237387392
37798531565953234305040
37798531565936057647108
37798531565936057518336
37798531565936054501392
37792769175011582806032
37792769175011553509380
37792769175011553446016
37792769175011550363664
37792769172954025035792
37792769172953995739140
37792769172953995675776
37792769172953992593424
37792769172951877552160
37792769172951852449796
37792769172951852386432
37792769172951845109792
37792767488360745797664
37792767488360720695300
37792767488360720631936
37792767488360713355296
37792767484117024507968
37792767484108459739168
37792767484108434636804
37792767484108434573440
37792767484108427296800
37792767066152307262480
37792767066152277902464
37792767066150159778848
37792767066150134613120
37792767063966139548736
37792767063957578974224
37792767063957549614208
37792766995783563085840
37792766995783533789188
37792766995783533725824
37792766995783530643472
37792766995781415602208
37792766995781390499844
37792766995781390436480
37792766995781383159840
37792766993597395372096
37792766993588834797584
37792766993588805500932
37792766993588805437568
37792766993588802355216
37790463332002339880964
37790463332002339752192
37790463332002336735248
37790463329944782110724
37790463329944781981952
37790463329944778965008
37790463329942638821380
37790463329942638692608
37790463329942631481376
37790461658545646471232
37790461645351507066884
37790461645351506938112
37790461645351499726880
37790461641124990683200
37790461641099221008388
37790461641099220879616
37790461641099213668384
37790461236337203741760
37790461236335060452416
37790461223143064208640
37790461223140920919296
37790461220974105723968
37790461220948335920384
37790461165968459565120
37790461165966316275776
37790461152774320160772
37790461152774320032000
37790461152774317015056
37790461152772176871428
37790461152772176742656
37790461152772169531424
37790461150605361547328
37790461150579591872516
37790461150579591743744
37790461150579588726800
37789308737041064790048
37789308737041039687684
37789308737041039624320
37789308737041032347680
37789308719620409002016
37789308719620383899652
37789308719620383836288
37789308719620376559648
37789308719603204096004
37789308719603203967232
37789308719603196756000
37789308314832626254864
37789308314832596894848
37789308314830478771232
37789308314830453605504
37789308299469528237072
37789308299469498877056
37789308299452319008000
37789308244463882078224
37789308244463852781572
37789308244463852718208
37789308244463849635856
37789308244461734594592
37789308244461709492228
37789308244461709428864
37789308244461702152224
37789308229100784060432
37789308229100754763780
37789308229100754700416
37789308229100751618064
37789308229083574960132
37789308229083574831360
37789308229083571814416
21251227886015578374672
21251227886015549014656
21251227886015545147408
21251227885605109105280
21251227885605107273856
21251227885536389629056
21251226201013977350784
21251226201013975519360
21251226196770281226816
21251226196770279395392
21251226196761691292288
21251226196761689460864
21251226196701561750592
21251226196692971816064
21251225919539032097296
21251225919539002737280
21251225919538998870032
21251225915295306613312
21251225915286746038800
21251225915286716678784
21251225915286712811536
21251225915226587137088
21251225915218026562576
21251225915217997202560
21251225708434647155328
21251225708434645323904
21251225704601390940736
21251225704592830366224
21251225704592801006208
21251225704592797138960
21251225673250275067008
21251225669417018852416
21251225669408458277904
21251225669408428917888
21250939657288662647424
21250939657288660816000
21250939655639426662944
21250939655639401497216
21250939655639393435680
21250939655231104877184
21250939655231103045760
21250939655162385400960
21250937689162880385568
21250937689162855219840
21250937689162847158304
21250937684919159095872
21250937684910594327072
21250937684910569161344
21250937684910561099808
21250937684850439619648
21250937684841874850848
21250937684841849685120
21250937478060642927232
21250937478060641095808
21250937475874504573504
21250937475874502742080
21250937475865914638976
21250937475865912807552
21250937474225243423296
21250937474216678654496
21250937474216653488768
21250937474216645427232
21250937442876270838912
21250937440690132485184
21250937440681542550656
21250937439040871334976
21250937439032306566176
21250937439032281400448
21250795542100618248720
21250795542100588888704
21250795542100585021456
21250795540043060478480
21250795540043031118464
21250795540043027251216
21250795540040912994848
21250795540040887829120
21250795540040879767584
21250795539974341002256
21250795539974311642240
21250795539972193518624
21250795539972168352896
21250793855449781240352
21250793855449756074624
21250793855449748013088
21250793851206059950656
21250793851197495181856
21250793851197470016128
21250793851197461954592
21250793851137340474432
21250793851128775705632
21250793851128750539904
21250793362872598528528
21250793362872569168512
21250793362872565301264
21250793362870451044896
21250793362870425879168
21250793362870417817632
21250793360686430814784
21250793360677870240272
21250793360677840880256
21250793360677837013008
21250793327688226440208
21250793327688197080192
21250793327686078956576
21250793327686053790848
21250793325502058726464
21250793325493498151952
21250793325493468791936
20070636265298137711360
20070636265298133909520
20070636264887697801984
20070636264887695970560
20070636264818978325760
20070634593490705580608
20070634593490703749184
20070634580296566047488
20070634580296564216064
20070634576070049792576
20070634576070047961152
20070634576044279988992
20070634576044278157568
20070634576001330316352
20070634575975560512768
20070634312015730967104
20070634298821591433984
20070634298821587632144
20070634294595075179072
20070634294569305375488
20070634294569301573648
20070634294526355702848
20070634294500585899264
20070634100911375385152
20070634100911373553728
20070634087717235852032
20070634087717234020608
20070634083901159506496
20070634083875389702912
20070634083875385901072
20070634065727003296832
20070634052532863763712
20070634048716787418176
20070634048691017614592
20070348036571251344128
20070348036571249512704
20070348034921990193920
20070348034921982197792
20070348034513693573888
20070348034513691742464
20070348034444974097664
20070346081639583449664
20070346068445443916544
20070346068445435920416
20070346064218927661632
20070346064193157858048
20070346064193149861920
20070346064150208185408
20070346064124438381824
20070345870537371157056
20070345870537369325632
20070345857343231623936
20070345857343229792512
20070345855174273139264
20070345855174271307840
20070345855148503335680
20070345855148501504256
20070345853525011989056
20070345853499242185472
20070345853499234189344
20070345835352999068736
20070345822158859535616
20070345819989901050944
20070345819964131247360
20070345818340639900736
20070345818314870097152
20070203921383177585408
20070203921383173783568
20070203919325619815168
20070203919325616013328
20070203919323476525824
20070203919323468529696
20070203919256900338944
20070203919254757049600
20070202247926484304448
20070202234732344771328
20070202234732336775200
20070202230505828516416
20070202230480058712832
20070202230480050716704
20070202230437109040192
20070202230411339236608
20070201755349297398336
20070201755347154108992
20070201742155157865216
20070201742155154063376
20070201742153014575872
20070201742153006579744
20070201739986199380544
20070201739960429576960
20070201739960425775120
20070201720164925310016
20070201720162782020672
20070201706970785776896
20070201706968642487552
20070201704801827292224
20070201704776057488640
19480338783131999928960
19480338783131998097536
19480338765711344140928
19480338765711342309504
19480338765694164271872
19480338765694162440448
19480338765642624664704
19480338765625444795648
19480338501657054675472
19480338501657025315456
19480338501657021448208
19480338484236398887440
19480338484236369527424
19480338484236365660176
19480338484219189658368
19480338484219185856528
19480338484167679411216
19480338484167650051200
19480338484150470182144
19480338290552669733504
19480338290552667902080
19480338273542483214864
19480338273542453854848
19480338273542449987600
19480338273525273985792
19480338273525270183952
19480338255368297645184
19480338238358111126544
19480338238358081766528
19480338238340901897472
19480050271280902963744
19480050271280877798016
19480050271280869736480
19480050253860247175712
19480050253860222009984
19480050253860213948448
19480050253843042140928
19480050253843034144800
19480050253791527699488
19480050253791502533760
19480050253774322664704
19480050060178665505408
19480050060178663673984
19480050044815567487616
19480050044815565656192
19480050044798387618560
19480050044798385787136
19480050043166331503136
19480050043166306337408
19480050043166298275872
19480050043149126468352
19480050043149118472224
19480050024994293417088
19480050009631195399296
19480050009614015530240
19480050007981959414816
19480050007981934249088
19480050007964754380032
19479906437567803818528
19479906437567778652800
19479906437567770591264
19479906420147148030496
19479906420147122864768
19479906420147114803232
19479906420129942995712
19479906420129934999584
19479906420078428554272
19479906420078403388544
19479906420061223519488
19479905944990621106704
19479905944990591746688
19479905944990587879440
19479905944988473623072
19479905944988448457344
19479905944988440395808
19479905929627523088912
19479905929627493728896
19479905929627489861648
19479905929610313859840
19479905929610310058000
19479905909806249018384
19479905909806219658368
19479905909804101534752
19479905909804076369024
19479905894443151000592
19479905894443121640576
19479905894425941771520
11806494919797130661892
11806494919797099266052
11806494919797099202688
11806494919797098156160
11806493230962271324224
11806493230962270277696
11806493230953712848900
11806493230953681453060
11806493230953681389696
11806493230953680343168
11806492949487296710720
11806492949478736136208
11806492949478706839556
11806492949478706776192
11806492949478703693840
11806492813064100905600
11806492813064099074176
11806492809230844691008
11806492809222284116496
11806492809222254756480
11806492809222250889232
11806492707511016099844
11806492707510984704004
11806492707510984640640
11806492707510983594112
11806492703677728426048
11806492703669167851536
11806492703669138554884
11806492703669138491520
11806492703669135409168
11806206689423126433796
11806206689423095037956
11806206689423094974592
11806206689423093928064
11806204719111149193280
11806204719102584424480
11806204719102559322116
11806204719102559258752
11806204719102551982112
11806204582690096677504
11806204582690094846080
11806204580503958323776
11806204580503956492352
11806204580495368389248
11806204580495366557824
11806204578854697173568
11806204578846132404768
11806204578846107239040
11806204578846099177504
11806204477137011871748
11806204477136980475908
11806204477136980412544
11806204477136979366016
11806204474950842058816
11806204474950841012288
11806204474942283583492
11806204474942252187652
11806204474942252124288
11806204474942251077760
11806204473301580908608
11806204473293016139808
11806204473292991037444
11806204473292990974080
11806204473292983697440
11806062574235050575888
11806062574235021279236
11806062574235021215872
11806062574235018133520
11806062574232903092256
11806062574232877989892
11806062574232877926528
11806062574232870649888
11806060885398050048064
11806060885389485279264
11806060885389460176900
11806060885389460113536
11806060885389452836896
11806060467502052278800
11806060467502022918784
11806060467502019051536
11806060467499904795168
11806060467499879629440
11806060467499871567904
11806060465315884565056
11806060465307323990544
11806060465307294630528
11806060465307290763280
11806060361948936013840
11806060361948906717188
11806060361948906653824
11806060361948903571472
11806060361946788530208
11806060361946763427844
11806060361946763364480
11806060361946756087840
11806060359762768300096
11806060359754207725584
11806060359754178428932
11806060359754178365568
11806060359754175283216
10625903299079688028164
10625903299079687899392
10625903299079686852864
10625901610262039889984
10625901610262038843456
10625901610236270215172
10625901610236270086400
10625901610236269039872
10625901328787065276480
10625901328761295601668
10625901328761295472896
10625901328761292455952
10625901205540829135424
10625901205540827304000
10625901192346689602304
10625901192346687770880
10625901188530613256768
10625901188504843453184
10625901188504839651344
10625901099987712870464
10625901099987711823936
10625901086793573466116
10625901086793573337344
10625901086793572290816
10625901082977496991808
10625901082951727316996
10625901082951727188224
10625901082951724171280
10625615068705683800068
10625615068705683671296
10625615068705682624768
10625613098410917759040
10625613098385148084228
10625613098385147955456
10625613098385140744224
10625612975166824907328
10625612975166823075904
10625612961972685374208
10625612961972683542784
10625612959803726889536
10625612959803725058112
10625612959777957085952
10625612959777955254528
10625612958154465739328
10625612958128695935744
10625612958128687939616
10625612869613708642368
10625612869613707595840
10625612856419569238020
10625612856419569109248
10625612856419568062720
10625612854250610624576
10625612854250609578048
10625612854224840949764
10625612854224840820992
10625612854224839774464
10625612852601349474368
10625612852575579799556
10625612852575579670784
10625612852575572459552
10625470953517610041348
10625470953517609912576
10625470953517606895632
10625470953515466752004
10625470953515466623232
10625470953515459412000
10625469264697818613824
10625469264672048939012
10625469264672048810240
10625469264672041599008
10625468859978751148608
10625468859976607859264
10625468846784611615488
10625468846784607813648
10625468846782468326144
10625468846782460330016
10625468844615653130816
10625468844589883327232
10625468844589879525392
10625468754425634883648
10625468754423491594304
10625468741231495479300
10625468741231495350528
10625468741231492333584
10625468741229352189956
10625468741229352061184
10625468741229344849952
10625468739062536865856
10625468739036767191044
10625468739036767062272
10625468739036764045328
10035605799903365697540
10035605799903334301700
10035605799903334238336
10035605799903333191808
10035605799886154498052
10035605799886154369280
10035605799886153322752
10035605518428388984848
10035605518428359688196
10035605518428359624832
10035605518428356542480
10035605518411179884548
10035605518411179755776
10035605518411176738832
10035605395182123483776
10035605395182121652352
10035605378171936965136
10035605378171907605120
10035605378171903737872
10035605378154727736064
10035605378154723934224
10035605289629038678020
10035605289629007282180
10035605289629007218816
10035605289629006172288
10035605272618820700176
10035605272618791403524
10035605272618791340160
10035605272618788257808
10035605272601611599876
10035605272601611471104
10035605272601608454160
10035317288052237273120
10035317288052212170756
10035317288052212107392
10035317288052204830752
10035317288035032367108
10035317288035032238336
10035317288035025027104
10035317164808119255680
10035317164808117424256
10035317149445021237888
10035317149445019406464
10035317149427841368832
10035317149427839537408
10035317147795785253408
10035317147795760087680
10035317147795752026144
10035317147778580218624
10035317147778572222496
10035317059255034449924
10035317059255003054084
10035317059255002990720
10035317059255001944192
10035317043891936432132
10035317043891905036292
10035317043891904972928
10035317043891903926400
10035317043874725232644
10035317043874725103872
10035317043874724057344
10035317042242668988448
10035317042242643886084
10035317042242643822720
10035317042242636546080
10035317042225464082436
10035317042225463953664
10035317042225456742432
10035173454339138127904
10035173454339113025540
10035173454339112962176
10035173454339105685536
10035173454321933221892
10035173454321933093120
10035173454321925881888
10035173049620074856976
10035173049620045496960
10035173049620041629712
10035173049617927373344
10035173049617902207616
10035173049617894146080
10035173034256976839184
10035173034256947479168
10035173034256943611920
10035173034239767610112
10035173034239763808272
10035172944066958592016
10035172944066929295364
10035172944066929232000
10035172944066926149648
10035172944064811108384
10035172944064786006020
10035172944064785942656
10035172944064778666016
10035172928703860574224
10035172928703831277572
10035172928703831214208
10035172928703828131856
10035172928686651473924
10035172928686651345152
10035172928686648328208
7084128437406642735120
7084128437406613438468
7084128437406613375104
7084128437406610292752
7084128436996204924932
7084128436996173529092
7084128436996173465728
7084128436996172419200
7084126752405073170436
7084126752405041774596
7084126752405041711232
7084126752405040664704
7084126748161345587264
7084126748161344540736
7084126748152787111940
7084126748152755716100
7084126748152755652736
7084126748152754606208
7084126470930096457744
7084126470930067161092
7084126470930067097728
7084126470930064015376
7084126466686370973760
7084126466677810399248
7084126466677781102596
7084126466677781039232
7084126466677777956880
7084126330194455692416
7084126326361199477824
7084126326352638903312
7084126326352609543296
7084126259825742974980
7084126259825711579140
7084126259825711515776
7084126259825710469248
7084126255992455301184
7084126255983894726672
7084126255983865430020
7084126255983865366656
7084126255983862284304
7083840208679758467076
7083840208679727071236
7083840208679727007872
7083840208679725961344
7083840207030491023392
7083840207030465921028
7083840207030465857664
7083840207030458581024
7083840206622200696836
7083840206622169300996
7083840206622169237632
7083840206622168191104
7083838240553944746016
7083838240553919643652
7083838240553919580288
7083838240553912303648
7083838236310223456320
7083838236301658687520
7083838236301633585156
7083838236301633521792
7083838236301626245152
7083838099820451464320
7083838097634313110592
7083838097625723176064
7083838095985051960384
7083838095976487191584
7083838095976462025856
7083838029451738746884
7083838029451707351044
7083838029451707287680
7083838029451706241152
7083838027265568933952
7083838027265567887424
7083838027257010458628
7083838027256979062788
7083838027256978999424
7083838027256977952896
7083838025616307783744
7083838025607743014944
7083838025607717912580
7083838025607717849216
7083838025607710572576
7083696093491682609168
7083696093491653312516
7083696093491653249152
7083696093491650166800
7083696091434124838928
7083696091434095542276
7083696091434095478912
7083696091434092396560
7083696091431977355296
7083696091431952252932
7083696091431952189568
7083696091431944912928
7083694406840845600800
7083694406840820498436
7083694406840820435072
7083694406840813158432
7083694402597124311104
7083694402588559542304
7083694402588534439940
7083694402588534376576
7083694402588527099936
7083693984632407065616
7083693984632377705600
7083693984630259581984
7083693984630234416256
7083693982446239351872
7083693982437678777360
7083693982437649417344
7083693914263662888976
7083693914263633592324
7083693914263633528960
7083693914263630446608
7083693914261515405344
7083693914261490302980
7083693914261490239616
7083693914261482962976
7083693912077495175232
7083693912068934600720
7083693912068905304068
7083693912068905240704
7083693912068902158352
5903536816689202200580
5903536816689202071808
5903536816689199054864
5903536816278762291204
5903536816278762162432
5903536816278761115904
5903535144881769941056
5903535144881768894528
5903535131687630536708
5903535131687630407936
5903535131687629361408
5903535127461114153024
5903535127461113106496
5903535127435344478212
5903535127435344349440
5903535127435343302912
5903534863406795327552
5903534850212655923204
5903534850212655794432
5903534850212652777488
5903534845986139539520
5903534845960369864708
5903534845960369735936
5903534845960366718992
5903534722671183922240
5903534709477044389120
5903534705660968043584
5903534705635198240000
5903534652302439745600
5903534652302438699072
5903534639108300341252
5903534639108300212480
5903534639108299165952
5903534635292223866944
5903534635266454192132
5903534635266454063360
5903534635266451046416
5903248587962315833348
5903248587962315704576
5903248587962314658048
5903248586313054683140
5903248586313054554368
5903248586313047343136
5903248585904758063108
5903248585904757934336
5903248585904756887808
5903246633030647810112
5903246619836508405764
5903246619836508276992
5903246619836501065760
5903246615609992022080
5903246615584222347268
5903246615584222218496
5903246615584215007264
5903246492297179694144
5903246479103040161024
5903246476934081676352
5903246476908311872768
5903246475284820526144
5903246475259050722560
5903246421928435517504
5903246421928434470976
5903246408734296113156
5903246408734295984384
5903246408734294937856
5903246406565337499712
5903246406565336453184
5903246406539567824900
5903246406539567696128
5903246406539566649600
5903246404916076349504
5903246404890306674692
5903246404890306545920
5903246404890299334688
5903104472774242074628
5903104472774241945856
5903104472774238928912
5903104470716684304388
5903104470716684175616
5903104470716681158672
5903104470714541015044
5903104470714540886272
5903104470714533675040
5903102799317548664896
5903102786123409260548
5903102786123409131776
5903102786123401920544
5903102781896892876864
5903102781871123202052
5903102781871123073280
5903102781871115862048
5903102377109105935424
5903102377106962646080
5903102363914966402304
5903102363912823112960
5903102361746007917632
5903102361720238114048
5903102306740361758784
5903102306738218469440
5903102293546222354436
5903102293546222225664
5903102293546219208720
5903102293544079065092
5903102293544078936320
5903102293544071725088
5903102291377263740992
5903102291351494066180
5903102291351493937408
5903102291351490920464
5313239334523095748612
5313239334523064352772
5313239334523064289408
5313239334523063242880
5313239317102439960580
5313239317102408564740
5313239317102408501376
5313239317102407454848
5313239317085228761092
5313239317085228632320
5313239317085227585792
5313239053048119035920
5313239053048089739268
5313239053048089675904
5313239053048086593552
5313239035627463247888
5313239035627433951236
5313239035627433887872
5313239035627430805520
5313239035610254147588
5313239035610254018816
5313239035610251001872
5313238912312478270592
5313238895302291751952
5313238895302262391936
5313238895285082522880
5313238841943765553156
5313238841943734157316
5313238841943734093952
5313238841943733047424
5313238824933547575312
5313238824933518278660
5313238824933518215296
5313238824933515132944
5313238824916338475012
5313238824916338346240
5313238824916335329296
5312950822671967324192
5312950822671942221828
5312950822671942158464
5312950822671934881824
5312950805251311536160
5312950805251286433796
5312950805251286370432
5312950805251279093792
5312950805234106630148
5312950805234106501376
5312950805234099290144
5312950681938474042496
5312950666575376024704
5312950666558196155648
5312950664926140040224
5312950664926114874496
5312950664908935005440
5312950611569761325060
5312950611569729929220
5312950611569729865856
5312950611569728819328
5312950596206663307268
5312950596206631911428
5312950596206631848064
5312950596206630801536
5312950596189452107780
5312950596189451979008
5312950596189450932480
5312950594557395863584
5312950594557370761220
5312950594557370697856
5312950594557363421216
5312950594540190957572
5312950594540190828800
5312950594540183617568
5312806988958868178976
5312806988958843076612
5312806988958843013248
5312806988958835736608
5312806971538212390944
5312806971538187288580
5312806971538187225216
5312806971538179948576
5312806971521007484932
5312806971521007356160
5312806971521000144928
5312806566750429643792
5312806566750400283776
5312806566748282160160
5312806566748256994432
5312806551387331626000
5312806551387302265984
5312806551370122396928
5312806496381685467152
5312806496381656170500
5312806496381656107136
5312806496381653024784
5312806496379537983520
5312806496379512881156
5312806496379512817792
5312806496379505541152
5312806481018587449360
5312806481018558152708
5312806481018558089344
5312806481018555006992
5312806481001378349060
5312806481001378220288
5312806481001375203344
