75578618564870075846912
75578616594575310981184
75578616471331216298048
75578616458137076764928
75578616455968118280256
75578616365778100817984
75578616352583961284864
75578616350415002800192
75578616348765742696512
75577463673070729300000
75577463673070704197636
75577463673070696857632
75577463673053524393988
75577463673053524265216
75577463673053517053984
75577463534446331564288
75577463532814244053024
75577463532797064249376
75577463444273526476804
75577463428910428459012
75577463428893216084224
75577463427261161015328
75577463427261135912964
75577463427261128572960
75577463427243956109316
75577463427243955980544
75577463427243948769312
75569395194959498318080
75569395193310238343172
75569395193310238214400
75569395193310231003168
75569393240027831470144
75569393226833692065796
75569393226833691937024
75569393226833684725792
75569393082282004186176
75569393028925618131008
75569393015731478597888
75569393013562520113216
75569393011913260009536
75568240318523249788960
75568240318523224686596
75568240318523217346592
75568240160777422504992
75568240160760217470208
75568240107421043789828
75568240092057945772036
75568240092040733397248
75568240090408678328352
75568240090408653225988
75568240090408645885984
75568240090391473422340
75568240090391473293568
75568240090391466082336
37799686701912917409796
37799686701912917281024
37799686701912914264080
37799686701910774120452
37799686701910773991680
37799686701910766780448
37799684595179915182096
37799684595177767698464
37799684502820942252096
37799684502818798962752
37799684489626802847748
37799684489626802718976
37799684489626799702032
37799684489624659558404
37799684489624659429632
37799684489624652218400
37799684487457844234304
37798531686869447802896
37798531686867300319264
37798531671506349785104
37798531671489169981456
37798531581316364765200
37798531581316335468548
37798531581316332322832
37798531581314217281568
37798531581314192179204
37798531581314184839200
37798531565953266747408
37798531565953237450756
37798531565953234305040
37798531565936057647108
37798531565936057518336
37798531565936054501392
37790463332002339880964
37790463332002339752192
37790463332002336735248
37790461236337203741760
37790461236335060452416
37790461223143064208640
37790461223140920919296
37790461220974105723968
37790461165968459565120
37790461165966316275776
37790461152774320160772
37790461152774320032000
37790461152774317015056
37790461152772176871428
37790461152772176742656
37790461152772169531424
37790461150605361547328
37789308314832626254864
37789308314830478771232
37789308299469528237072
37789308299452319008000
37789308244463882078224
37789308244463852781572
37789308244463849635856
37789308244461734594592
37789308244461709492228
37789308244461702152224
37789308229100784060432
37789308229100754763780
37789308229100751618064
37789308229083574960132
37789308229083574831360
37789308229083571814416
21251227886015545147408
21251225919538998870032
21251225915226587137088
21251225669417018852416
21250939655639393435680
21250937689162847158304
21250937684850439619648
21250937475874502742080
21250937439040871334976
21250795542100585021456
21250795539974341002256
21250795539972193518624
21250793362872565301264
21250793362870417817632
21250793327688226440208
21250793327686078956576
21250793325502058726464
20070636265298133909520
20070634298821587632144
20070634294526355702848
20070634100911373553728
20070634087717234020608
20070634048716787418176
20070348036571249512704
20070348034921982197792
20070346068445435920416
20070346064150208185408
20070345870537369325632
20070345857343229792512
20070345855174271307840
20070345818340639900736
20070203921383173783568
20070203919256900338944
20070203919254757049600
20070201742155154063376
20070201742153006579744
20070201720164925310016
20070201720162782020672
20070201706970785776896
20070201706968642487552
20070201704801827292224
19480338501657021448208
19480338484167679411216
19480338484150470182144
19480338273542449987600
19480338273525270183952
19480338238358111126544
19480338238340901897472
19480050271280869736480
19480050253791527699488
19480050253774322664704
19480050044798385787136
19480050043166298275872
19480050043149118472224
19480050007981959414816
19480050007964754380032
19479905944990587879440
19479905944988440395808
19479905929627489861648
19479905929610310058000
19479905909806249018384
19479905909804101534752
19479905894443151000592
19479905894425941771520
11806494919797130661892
11806492949487296710720
11806492707511016099844
11806492703677728426048
11806206689423126433796
11806204719111149193280
11806204580503956492352
11806204477137011871748
11806204474950841012288
11806204473301580908608
11806062574235050575888
11806062574235021279236
11806062574235018133520
11806062574232903092256
11806062574232877989892
11806062574232870649888
11806060467502019051536
11806060467499871567904
11806060361948936013840
11806060361948906717188
11806060361948903571472
11806060361946788530208
11806060361946763427844
11806060361946756087840
11806060359762768300096
10625903299079686852864
10625901328787065276480
10625901205540827304000
10625901192346687770880
10625901099987711823936
10625901086793572290816
10625901082977496991808
10625615068705682624768
10625613098410917759040
10625612975166823075904
10625612961972683542784
10625612959803725058112
10625612869613707595840
10625612856419568062720
10625612854250609578048
10625612852601349474368
10625470953517610041348
10625470953517609912576
10625470953517606895632
10625470953515466752004
10625470953515466623232
10625470953515459412000
10625468846784607813648
10625468846782460330016
10625468754425634883648
10625468754423491594304
10625468741231495479300
10625468741231495350528
10625468741231492333584
10625468741229352189956
10625468741229352061184
10625468741229344849952
10625468739062536865856
10035605518428388984848
10035605518428359688196
10035605518428356542480
10035605518411179884548
10035605518411179755776
10035605518411176738832
10035605378171903737872
10035605378154723934224
10035605289629038678020
10035605272618820700176
10035605272618791403524
10035605272618788257808
10035605272601611599876
10035605272601611471104
10035605272601608454160
10035317288052237273120
10035317288052212170756
10035317288052204830752
10035317288035032367108
10035317288035032238336
10035317288035025027104
10035317149427839537408
10035317147795752026144
10035317147778572222496
10035317059255034449924
10035317043891936432132
10035317043874724057344
10035317042242668988448
10035317042242643886084
10035317042242636546080
10035317042225464082436
10035317042225463953664
10035317042225456742432
10035173049620041629712
10035173049617894146080
10035173034256943611920
10035173034239763808272
10035172944066958592016
10035172944066929295364
10035172944066926149648
10035172944064811108384
10035172944064786006020
10035172944064778666016
10035172928703860574224
10035172928703831277572
10035172928703828131856
10035172928686651473924
10035172928686651345152
10035172928686648328208
7084128437406642735120
7084128437406613438468
7084128437406610292752
7084126470930096457744
7084126470930067161092
7084126470930064015376
7084126326361199477824
7084126259825742974980
7084126255992455301184
7083840208679758467076
7083840207030491023392
7083840207030465921028
7083840207030458581024
7083838240553944746016
7083838240553919643652
7083838240553912303648
7083838095985051960384
7083838029451738746884
7083838027265567887424
7083838025616307783744
7083696093491682609168
7083696093491653312516
7083696093491650166800
7083693984632407065616
7083693984630259581984
7083693982446239351872
7083693914263662888976
7083693914263633592324
7083693914263630446608
7083693914261515405344
7083693914261490302980
7083693914261482962976
7083693912077495175232
5903536816689202200580
5903536816689202071808
5903536816689199054864
5903534863406795327552
5903534850212655923204
5903534850212655794432
5903534850212652777488
5903534705660968043584
5903534652302438699072
5903534639108299165952
5903534635292223866944
5903248587962314658048
5903248586313054683140
5903248586313054554368
5903248586313047343136
5903246633030647810112
5903246619836508405764
5903246619836508276992
5903246619836501065760
5903246475284820526144
5903246421928434470976
5903246408734294937856
5903246406565336453184
5903246404916076349504
5903104472774242074628
5903104472774241945856
5903104472774238928912
5903102377109105935424
5903102377106962646080
5903102363914966402304
5903102363912823112960
5903102361746007917632
5903102306740361758784
5903102306738218469440
5903102293546222354436
5903102293546222225664
5903102293546219208720
5903102293544079065092
5903102293544078936320
5903102293544071725088
5903102291377263740992
5313239053048119035920
5313239053048089739268
5313239053048086593552
5313238895302291751952
5313238895285082522880
5313238841943765553156
5313238824933547575312
5313238824933518278660
5313238824933515132944
5313238824916338475012
5313238824916338346240
5313238824916335329296
5312950822671967324192
5312950822671942221828
5312950822671934881824
5312950664926140040224
5312950664908935005440
5312950611569761325060
5312950596206663307268
5312950596189450932480
5312950594557395863584
5312950594557370761220
5312950594557363421216
5312950594540190957572
5312950594540190828800
5312950594540183617568
5312806566750429643792
5312806566748282160160
5312806551387331626000
5312806551370122396928
5312806496381685467152
5312806496381656170500
5312806496381653024784
5312806496379537983520
5312806496379512881156
5312806496379505541152
5312806481018587449360
5312806481018558152708
5312806481018555006992
5312806481001378349060
5312806481001378220288
5312806481001375203344
