37789308719603203967232
37789308719603196756000
37789308314832593289232
37789308314830445805600
37789308306036500332560
37789308306034352848928
37789308244463849635856
37789308244461702152224
37789308235667756679184
37789308235665616406784
37789308235665609195552
21251226196770279424008
21251225712832691863560
21251225712831618121744
21251225708434645385224
21251225708433571643408
21251225677648320036872
21251225677647246295056
21251225673250273558536
21251225673249199816720
21250937482458687635464
21250937482455466410016
21250937478060641157128
21250937478057419931680
21250937447274315808776
21250937447271094583328
21250937442876269330440
21250937442873048104992
21250793851206051856416
21250793367270611779600
21250793367268464295968
21250793362872565301264
21250793362870417817632
21250793332086239952912
21250793332084092469280
21250793327688193474576
21250793327686045990944
20070634100911373582344
20070634100910299840528
20070634087717234147336
20070634087716160405520
20070634065727001755656
20070634065725928013840
20070634052532862320648
20070634052531788578832
20070345870537369354248
20070345870534148128800
20070345857343229919240
20070345857340008693792
20070345835352997527560
20070345835349776302112
20070345822158858092552
20070345822155636867104
20070201755349293498384
20070201755347146014752
20070201742155154063376
20070201742153006579744
20070201720164921671696
20070201720162774188064
20070201706970782236688
20070201706968634753056
19480338765694162567176
19480338290552667963400
19480338290551594221584
19480338281756575006728
19480338281755501264912
19480338255368296136712
19480338255367222394896
19480338246572203180040
19480338246571129438224
19480050060178663735304
19480050060175442509856
19480050051382570778632
19480050051379349553184
19480050024994291908616
19480050024991070683168
19480050016198198951944
19480050016194977726496
19479906420129934999584
19479905944990587879440
19479905944988440395808
19479905936194494922768
19479905936192347439136
19479905909806216052752
19479905909804068569120
19479905901010123096080
19479905901007975612448
11806492817462145613832
11806492817461071872016
11806492813064099135496
11806492813063025393680
11806492711909030133768
11806492711907956391952
11806492707510983655432
11806492707509909913616
11806204587088141385736
11806204587084920160288
11806204582690094907400
11806204582686873681952
11806204481535025905672
11806204481531804680224
11806204477136979427336
11806204477133758201888
11806060471900065529872
11806060471897918046240
11806060467502019051536
11806060467499871567904
11806060366346950049808
11806060366344802566176
11806060361948903571472
11806060361946756087840
10625901205540827332616
10625901205539753590800
10625901192346687897608
10625901192345614155792
10625901099987711852552
10625901099986638110736
10625901086793572417544
10625901086792498675728
10625612975166823104520
10625612975163601879072
10625612961972683669512
10625612961969462444064
10625612869613707624456
10625612869610486399008
10625612856419568189448
10625612856416354175232
10625612856416346964000
10625468859978747248656
10625468859976599765024
10625468846784607813648
10625468846782460330016
10625468754425631768592
10625468754423484284960
10625468741231492333584
10625468741229352061184
10625468741229344849952
10035605395182121713672
10035605395181047971856
10035605386386028757000
10035605386384955015184
10035605289629006233608
10035605289627932491792
10035605280832913276936
10035605280831839535120
10035317164808117485576
10035317164804896260128
10035317156012024528904
10035317156008803303456
10035317059255002005512
10035317059251780780064
10035317050458909048840
10035317050455695034624
10035317050455687823392
10035173049620041629712
10035173049617894146080
10035173040823948673040
10035173040821801189408
10035172944066926149648
10035172944064778666016
10035172935270833192976
10035172935268692920576
10035172935268685709344
7084126748161344569352
7084126334592500662280
7084126334591426920464
7084126330194454183944
7084126330193380442128
7084126264223757008904
7084126264222683267088
7084126259825710530568
7084126259824636788752
7083838104218496434184
7083838104215275208736
7083838099820449955848
7083838099817228730400
7083838033849752780808
7083838033846531555360
7083838029451706302472
7083838029448485077024
7083694402597117001760
7083693989030420578320
7083693989028273094688
7083693984632374099984
7083693984630226616352
7083693918661676924944
7083693918659529441312
7083693914263630446608
7083693914261482962976
5903534722671182381064
5903534722670108639248
5903534709477042946056
5903534709475969204240
5903534652302438727688
5903534652301364985872
5903534639108299292680
5903534639107225550864
5903246492297178152968
5903246492293956927520
5903246479103038717960
5903246479099817492512
5903246421928434499592
5903246421925213274144
5903246408734295064584
5903246408731081050368
5903246408731073839136
5903102377109102297104
5903102377106954813472
5903102363914962862096
5903102363912815378464
5903102306740358643728
5903102306738211160096
5903102293546219208720
5903102293544078936320
5903102293544071725088
5313239317085227712520
5313238912312476762120
5313238912311403020304
5313238903516383805448
5313238903515310063632
5313238841943733108744
5313238841942659366928
5313238833147640152072
5313238833146566410256
5312950681938472534024
5312950681935251308576
5312950673142379577352
5312950673139158351904
5312950611569728880648
5312950611566507655200
5312950602773635923976
5312950602770421909760
5312950602770414698528
5312806971521007356160
5312806971521000144928
5312806566750396678160
5312806566748249194528
5312806557954303721488
5312806557952156237856
5312806496381653024784
5312806496379505541152
5312806487585560068112
5312806487583419795712
5312806487583412584480
